n = 31
B = 12
[0,1,2,3,4,5,7,10,12,16,24,]
1 1 1 1 1 1 0 1 0 0 1 0 1 0 0 0 1 0 0 0 0 0 0 0 1 0 0 0 0 0 0 
0 1 1 1 1 1 1 0 1 0 0 1 0 1 0 0 0 1 0 0 0 0 0 0 0 1 0 0 0 0 0 
0 0 1 1 1 1 1 1 0 1 0 0 1 0 1 0 0 0 1 0 0 0 0 0 0 0 1 0 0 0 0 
0 0 0 1 1 1 1 1 1 0 1 0 0 1 0 1 0 0 0 1 0 0 0 0 0 0 0 1 0 0 0 
0 0 0 0 1 1 1 1 1 1 0 1 0 0 1 0 1 0 0 0 1 0 0 0 0 0 0 0 1 0 0 
0 0 0 0 0 1 1 1 1 1 1 0 1 0 0 1 0 1 0 0 0 1 0 0 0 0 0 0 0 1 0 
0 0 0 0 0 0 1 1 1 1 1 1 0 1 0 0 1 0 1 0 0 0 1 0 0 0 0 0 0 0 1 
1 0 0 0 0 0 0 1 1 1 1 1 1 0 1 0 0 1 0 1 0 0 0 1 0 0 0 0 0 0 0 
0 1 0 0 0 0 0 0 1 1 1 1 1 1 0 1 0 0 1 0 1 0 0 0 1 0 0 0 0 0 0 
0 0 1 0 0 0 0 0 0 1 1 1 1 1 1 0 1 0 0 1 0 1 0 0 0 1 0 0 0 0 0 
0 0 0 1 0 0 0 0 0 0 1 1 1 1 1 1 0 1 0 0 1 0 1 0 0 0 1 0 0 0 0 
0 0 0 0 1 0 0 0 0 0 0 1 1 1 1 1 1 0 1 0 0 1 0 1 0 0 0 1 0 0 0 
0 0 0 0 0 1 0 0 0 0 0 0 1 1 1 1 1 1 0 1 0 0 1 0 1 0 0 0 1 0 0 
0 0 0 0 0 0 1 0 0 0 0 0 0 1 1 1 1 1 1 0 1 0 0 1 0 1 0 0 0 1 0 
0 0 0 0 0 0 0 1 0 0 0 0 0 0 1 1 1 1 1 1 0 1 0 0 1 0 1 0 0 0 1 
1 0 0 0 0 0 0 0 1 0 0 0 0 0 0 1 1 1 1 1 1 0 1 0 0 1 0 1 0 0 0 
0 1 0 0 0 0 0 0 0 1 0 0 0 0 0 0 1 1 1 1 1 1 0 1 0 0 1 0 1 0 0 
0 0 1 0 0 0 0 0 0 0 1 0 0 0 0 0 0 1 1 1 1 1 1 0 1 0 0 1 0 1 0 
0 0 0 1 0 0 0 0 0 0 0 1 0 0 0 0 0 0 1 1 1 1 1 1 0 1 0 0 1 0 1 
1 0 0 0 1 0 0 0 0 0 0 0 1 0 0 0 0 0 0 1 1 1 1 1 1 0 1 0 0 1 0 
0 1 0 0 0 1 0 0 0 0 0 0 0 1 0 0 0 0 0 0 1 1 1 1 1 1 0 1 0 0 1 
1 0 1 0 0 0 1 0 0 0 0 0 0 0 1 0 0 0 0 0 0 1 1 1 1 1 1 0 1 0 0 
0 1 0 1 0 0 0 1 0 0 0 0 0 0 0 1 0 0 0 0 0 0 1 1 1 1 1 1 0 1 0 
0 0 1 0 1 0 0 0 1 0 0 0 0 0 0 0 1 0 0 0 0 0 0 1 1 1 1 1 1 0 1 
1 0 0 1 0 1 0 0 0 1 0 0 0 0 0 0 0 1 0 0 0 0 0 0 1 1 1 1 1 1 0 
0 1 0 0 1 0 1 0 0 0 1 0 0 0 0 0 0 0 1 0 0 0 0 0 0 1 1 1 1 1 1 
1 0 1 0 0 1 0 1 0 0 0 1 0 0 0 0 0 0 0 1 0 0 0 0 0 0 1 1 1 1 1 
1 1 0 1 0 0 1 0 1 0 0 0 1 0 0 0 0 0 0 0 1 0 0 0 0 0 0 1 1 1 1 
1 1 1 0 1 0 0 1 0 1 0 0 0 1 0 0 0 0 0 0 0 1 0 0 0 0 0 0 1 1 1 
1 1 1 1 0 1 0 0 1 0 1 0 0 0 1 0 0 0 0 0 0 0 1 0 0 0 0 0 0 1 1 
1 1 1 1 1 0 1 0 0 1 0 1 0 0 0 1 0 0 0 0 0 0 0 1 0 0 0 0 0 0 1 
n = 31
B = 12
[0,1,2,3,4,5,7,10,12,17,27,]
1 1 1 1 1 1 0 1 0 0 1 0 1 0 0 0 0 1 0 0 0 0 0 0 0 0 0 1 0 0 0 
0 1 1 1 1 1 1 0 1 0 0 1 0 1 0 0 0 0 1 0 0 0 0 0 0 0 0 0 1 0 0 
0 0 1 1 1 1 1 1 0 1 0 0 1 0 1 0 0 0 0 1 0 0 0 0 0 0 0 0 0 1 0 
0 0 0 1 1 1 1 1 1 0 1 0 0 1 0 1 0 0 0 0 1 0 0 0 0 0 0 0 0 0 1 
1 0 0 0 1 1 1 1 1 1 0 1 0 0 1 0 1 0 0 0 0 1 0 0 0 0 0 0 0 0 0 
0 1 0 0 0 1 1 1 1 1 1 0 1 0 0 1 0 1 0 0 0 0 1 0 0 0 0 0 0 0 0 
0 0 1 0 0 0 1 1 1 1 1 1 0 1 0 0 1 0 1 0 0 0 0 1 0 0 0 0 0 0 0 
0 0 0 1 0 0 0 1 1 1 1 1 1 0 1 0 0 1 0 1 0 0 0 0 1 0 0 0 0 0 0 
0 0 0 0 1 0 0 0 1 1 1 1 1 1 0 1 0 0 1 0 1 0 0 0 0 1 0 0 0 0 0 
0 0 0 0 0 1 0 0 0 1 1 1 1 1 1 0 1 0 0 1 0 1 0 0 0 0 1 0 0 0 0 
0 0 0 0 0 0 1 0 0 0 1 1 1 1 1 1 0 1 0 0 1 0 1 0 0 0 0 1 0 0 0 
0 0 0 0 0 0 0 1 0 0 0 1 1 1 1 1 1 0 1 0 0 1 0 1 0 0 0 0 1 0 0 
0 0 0 0 0 0 0 0 1 0 0 0 1 1 1 1 1 1 0 1 0 0 1 0 1 0 0 0 0 1 0 
0 0 0 0 0 0 0 0 0 1 0 0 0 1 1 1 1 1 1 0 1 0 0 1 0 1 0 0 0 0 1 
1 0 0 0 0 0 0 0 0 0 1 0 0 0 1 1 1 1 1 1 0 1 0 0 1 0 1 0 0 0 0 
0 1 0 0 0 0 0 0 0 0 0 1 0 0 0 1 1 1 1 1 1 0 1 0 0 1 0 1 0 0 0 
0 0 1 0 0 0 0 0 0 0 0 0 1 0 0 0 1 1 1 1 1 1 0 1 0 0 1 0 1 0 0 
0 0 0 1 0 0 0 0 0 0 0 0 0 1 0 0 0 1 1 1 1 1 1 0 1 0 0 1 0 1 0 
0 0 0 0 1 0 0 0 0 0 0 0 0 0 1 0 0 0 1 1 1 1 1 1 0 1 0 0 1 0 1 
1 0 0 0 0 1 0 0 0 0 0 0 0 0 0 1 0 0 0 1 1 1 1 1 1 0 1 0 0 1 0 
0 1 0 0 0 0 1 0 0 0 0 0 0 0 0 0 1 0 0 0 1 1 1 1 1 1 0 1 0 0 1 
1 0 1 0 0 0 0 1 0 0 0 0 0 0 0 0 0 1 0 0 0 1 1 1 1 1 1 0 1 0 0 
0 1 0 1 0 0 0 0 1 0 0 0 0 0 0 0 0 0 1 0 0 0 1 1 1 1 1 1 0 1 0 
0 0 1 0 1 0 0 0 0 1 0 0 0 0 0 0 0 0 0 1 0 0 0 1 1 1 1 1 1 0 1 
1 0 0 1 0 1 0 0 0 0 1 0 0 0 0 0 0 0 0 0 1 0 0 0 1 1 1 1 1 1 0 
0 1 0 0 1 0 1 0 0 0 0 1 0 0 0 0 0 0 0 0 0 1 0 0 0 1 1 1 1 1 1 
1 0 1 0 0 1 0 1 0 0 0 0 1 0 0 0 0 0 0 0 0 0 1 0 0 0 1 1 1 1 1 
1 1 0 1 0 0 1 0 1 0 0 0 0 1 0 0 0 0 0 0 0 0 0 1 0 0 0 1 1 1 1 
1 1 1 0 1 0 0 1 0 1 0 0 0 0 1 0 0 0 0 0 0 0 0 0 1 0 0 0 1 1 1 
1 1 1 1 0 1 0 0 1 0 1 0 0 0 0 1 0 0 0 0 0 0 0 0 0 1 0 0 0 1 1 
1 1 1 1 1 0 1 0 0 1 0 1 0 0 0 0 1 0 0 0 0 0 0 0 0 0 1 0 0 0 1 
n = 31
B = 12
[0,1,2,3,4,5,7,10,12,18,26,]
1 1 1 1 1 1 0 1 0 0 1 0 1 0 0 0 0 0 1 0 0 0 0 0 0 0 1 0 0 0 0 
0 1 1 1 1 1 1 0 1 0 0 1 0 1 0 0 0 0 0 1 0 0 0 0 0 0 0 1 0 0 0 
0 0 1 1 1 1 1 1 0 1 0 0 1 0 1 0 0 0 0 0 1 0 0 0 0 0 0 0 1 0 0 
0 0 0 1 1 1 1 1 1 0 1 0 0 1 0 1 0 0 0 0 0 1 0 0 0 0 0 0 0 1 0 
0 0 0 0 1 1 1 1 1 1 0 1 0 0 1 0 1 0 0 0 0 0 1 0 0 0 0 0 0 0 1 
1 0 0 0 0 1 1 1 1 1 1 0 1 0 0 1 0 1 0 0 0 0 0 1 0 0 0 0 0 0 0 
0 1 0 0 0 0 1 1 1 1 1 1 0 1 0 0 1 0 1 0 0 0 0 0 1 0 0 0 0 0 0 
0 0 1 0 0 0 0 1 1 1 1 1 1 0 1 0 0 1 0 1 0 0 0 0 0 1 0 0 0 0 0 
0 0 0 1 0 0 0 0 1 1 1 1 1 1 0 1 0 0 1 0 1 0 0 0 0 0 1 0 0 0 0 
0 0 0 0 1 0 0 0 0 1 1 1 1 1 1 0 1 0 0 1 0 1 0 0 0 0 0 1 0 0 0 
0 0 0 0 0 1 0 0 0 0 1 1 1 1 1 1 0 1 0 0 1 0 1 0 0 0 0 0 1 0 0 
0 0 0 0 0 0 1 0 0 0 0 1 1 1 1 1 1 0 1 0 0 1 0 1 0 0 0 0 0 1 0 
0 0 0 0 0 0 0 1 0 0 0 0 1 1 1 1 1 1 0 1 0 0 1 0 1 0 0 0 0 0 1 
1 0 0 0 0 0 0 0 1 0 0 0 0 1 1 1 1 1 1 0 1 0 0 1 0 1 0 0 0 0 0 
0 1 0 0 0 0 0 0 0 1 0 0 0 0 1 1 1 1 1 1 0 1 0 0 1 0 1 0 0 0 0 
0 0 1 0 0 0 0 0 0 0 1 0 0 0 0 1 1 1 1 1 1 0 1 0 0 1 0 1 0 0 0 
0 0 0 1 0 0 0 0 0 0 0 1 0 0 0 0 1 1 1 1 1 1 0 1 0 0 1 0 1 0 0 
0 0 0 0 1 0 0 0 0 0 0 0 1 0 0 0 0 1 1 1 1 1 1 0 1 0 0 1 0 1 0 
0 0 0 0 0 1 0 0 0 0 0 0 0 1 0 0 0 0 1 1 1 1 1 1 0 1 0 0 1 0 1 
1 0 0 0 0 0 1 0 0 0 0 0 0 0 1 0 0 0 0 1 1 1 1 1 1 0 1 0 0 1 0 
0 1 0 0 0 0 0 1 0 0 0 0 0 0 0 1 0 0 0 0 1 1 1 1 1 1 0 1 0 0 1 
1 0 1 0 0 0 0 0 1 0 0 0 0 0 0 0 1 0 0 0 0 1 1 1 1 1 1 0 1 0 0 
0 1 0 1 0 0 0 0 0 1 0 0 0 0 0 0 0 1 0 0 0 0 1 1 1 1 1 1 0 1 0 
0 0 1 0 1 0 0 0 0 0 1 0 0 0 0 0 0 0 1 0 0 0 0 1 1 1 1 1 1 0 1 
1 0 0 1 0 1 0 0 0 0 0 1 0 0 0 0 0 0 0 1 0 0 0 0 1 1 1 1 1 1 0 
0 1 0 0 1 0 1 0 0 0 0 0 1 0 0 0 0 0 0 0 1 0 0 0 0 1 1 1 1 1 1 
1 0 1 0 0 1 0 1 0 0 0 0 0 1 0 0 0 0 0 0 0 1 0 0 0 0 1 1 1 1 1 
1 1 0 1 0 0 1 0 1 0 0 0 0 0 1 0 0 0 0 0 0 0 1 0 0 0 0 1 1 1 1 
1 1 1 0 1 0 0 1 0 1 0 0 0 0 0 1 0 0 0 0 0 0 0 1 0 0 0 0 1 1 1 
1 1 1 1 0 1 0 0 1 0 1 0 0 0 0 0 1 0 0 0 0 0 0 0 1 0 0 0 0 1 1 
1 1 1 1 1 0 1 0 0 1 0 1 0 0 0 0 0 1 0 0 0 0 0 0 0 1 0 0 0 0 1 
n = 31
B = 12
[0,1,2,3,4,5,7,10,13,17,25,]
1 1 1 1 1 1 0 1 0 0 1 0 0 1 0 0 0 1 0 0 0 0 0 0 0 1 0 0 0 0 0 
0 1 1 1 1 1 1 0 1 0 0 1 0 0 1 0 0 0 1 0 0 0 0 0 0 0 1 0 0 0 0 
0 0 1 1 1 1 1 1 0 1 0 0 1 0 0 1 0 0 0 1 0 0 0 0 0 0 0 1 0 0 0 
0 0 0 1 1 1 1 1 1 0 1 0 0 1 0 0 1 0 0 0 1 0 0 0 0 0 0 0 1 0 0 
0 0 0 0 1 1 1 1 1 1 0 1 0 0 1 0 0 1 0 0 0 1 0 0 0 0 0 0 0 1 0 
0 0 0 0 0 1 1 1 1 1 1 0 1 0 0 1 0 0 1 0 0 0 1 0 0 0 0 0 0 0 1 
1 0 0 0 0 0 1 1 1 1 1 1 0 1 0 0 1 0 0 1 0 0 0 1 0 0 0 0 0 0 0 
0 1 0 0 0 0 0 1 1 1 1 1 1 0 1 0 0 1 0 0 1 0 0 0 1 0 0 0 0 0 0 
0 0 1 0 0 0 0 0 1 1 1 1 1 1 0 1 0 0 1 0 0 1 0 0 0 1 0 0 0 0 0 
0 0 0 1 0 0 0 0 0 1 1 1 1 1 1 0 1 0 0 1 0 0 1 0 0 0 1 0 0 0 0 
0 0 0 0 1 0 0 0 0 0 1 1 1 1 1 1 0 1 0 0 1 0 0 1 0 0 0 1 0 0 0 
0 0 0 0 0 1 0 0 0 0 0 1 1 1 1 1 1 0 1 0 0 1 0 0 1 0 0 0 1 0 0 
0 0 0 0 0 0 1 0 0 0 0 0 1 1 1 1 1 1 0 1 0 0 1 0 0 1 0 0 0 1 0 
0 0 0 0 0 0 0 1 0 0 0 0 0 1 1 1 1 1 1 0 1 0 0 1 0 0 1 0 0 0 1 
1 0 0 0 0 0 0 0 1 0 0 0 0 0 1 1 1 1 1 1 0 1 0 0 1 0 0 1 0 0 0 
0 1 0 0 0 0 0 0 0 1 0 0 0 0 0 1 1 1 1 1 1 0 1 0 0 1 0 0 1 0 0 
0 0 1 0 0 0 0 0 0 0 1 0 0 0 0 0 1 1 1 1 1 1 0 1 0 0 1 0 0 1 0 
0 0 0 1 0 0 0 0 0 0 0 1 0 0 0 0 0 1 1 1 1 1 1 0 1 0 0 1 0 0 1 
1 0 0 0 1 0 0 0 0 0 0 0 1 0 0 0 0 0 1 1 1 1 1 1 0 1 0 0 1 0 0 
0 1 0 0 0 1 0 0 0 0 0 0 0 1 0 0 0 0 0 1 1 1 1 1 1 0 1 0 0 1 0 
0 0 1 0 0 0 1 0 0 0 0 0 0 0 1 0 0 0 0 0 1 1 1 1 1 1 0 1 0 0 1 
1 0 0 1 0 0 0 1 0 0 0 0 0 0 0 1 0 0 0 0 0 1 1 1 1 1 1 0 1 0 0 
0 1 0 0 1 0 0 0 1 0 0 0 0 0 0 0 1 0 0 0 0 0 1 1 1 1 1 1 0 1 0 
0 0 1 0 0 1 0 0 0 1 0 0 0 0 0 0 0 1 0 0 0 0 0 1 1 1 1 1 1 0 1 
1 0 0 1 0 0 1 0 0 0 1 0 0 0 0 0 0 0 1 0 0 0 0 0 1 1 1 1 1 1 0 
0 1 0 0 1 0 0 1 0 0 0 1 0 0 0 0 0 0 0 1 0 0 0 0 0 1 1 1 1 1 1 
1 0 1 0 0 1 0 0 1 0 0 0 1 0 0 0 0 0 0 0 1 0 0 0 0 0 1 1 1 1 1 
1 1 0 1 0 0 1 0 0 1 0 0 0 1 0 0 0 0 0 0 0 1 0 0 0 0 0 1 1 1 1 
1 1 1 0 1 0 0 1 0 0 1 0 0 0 1 0 0 0 0 0 0 0 1 0 0 0 0 0 1 1 1 
1 1 1 1 0 1 0 0 1 0 0 1 0 0 0 1 0 0 0 0 0 0 0 1 0 0 0 0 0 1 1 
1 1 1 1 1 0 1 0 0 1 0 0 1 0 0 0 1 0 0 0 0 0 0 0 1 0 0 0 0 0 1 
n = 31
B = 12
[0,1,2,3,4,5,7,10,13,19,21,]
1 1 1 1 1 1 0 1 0 0 1 0 0 1 0 0 0 0 0 1 0 1 0 0 0 0 0 0 0 0 0 
0 1 1 1 1 1 1 0 1 0 0 1 0 0 1 0 0 0 0 0 1 0 1 0 0 0 0 0 0 0 0 
0 0 1 1 1 1 1 1 0 1 0 0 1 0 0 1 0 0 0 0 0 1 0 1 0 0 0 0 0 0 0 
0 0 0 1 1 1 1 1 1 0 1 0 0 1 0 0 1 0 0 0 0 0 1 0 1 0 0 0 0 0 0 
0 0 0 0 1 1 1 1 1 1 0 1 0 0 1 0 0 1 0 0 0 0 0 1 0 1 0 0 0 0 0 
0 0 0 0 0 1 1 1 1 1 1 0 1 0 0 1 0 0 1 0 0 0 0 0 1 0 1 0 0 0 0 
0 0 0 0 0 0 1 1 1 1 1 1 0 1 0 0 1 0 0 1 0 0 0 0 0 1 0 1 0 0 0 
0 0 0 0 0 0 0 1 1 1 1 1 1 0 1 0 0 1 0 0 1 0 0 0 0 0 1 0 1 0 0 
0 0 0 0 0 0 0 0 1 1 1 1 1 1 0 1 0 0 1 0 0 1 0 0 0 0 0 1 0 1 0 
0 0 0 0 0 0 0 0 0 1 1 1 1 1 1 0 1 0 0 1 0 0 1 0 0 0 0 0 1 0 1 
1 0 0 0 0 0 0 0 0 0 1 1 1 1 1 1 0 1 0 0 1 0 0 1 0 0 0 0 0 1 0 
0 1 0 0 0 0 0 0 0 0 0 1 1 1 1 1 1 0 1 0 0 1 0 0 1 0 0 0 0 0 1 
1 0 1 0 0 0 0 0 0 0 0 0 1 1 1 1 1 1 0 1 0 0 1 0 0 1 0 0 0 0 0 
0 1 0 1 0 0 0 0 0 0 0 0 0 1 1 1 1 1 1 0 1 0 0 1 0 0 1 0 0 0 0 
0 0 1 0 1 0 0 0 0 0 0 0 0 0 1 1 1 1 1 1 0 1 0 0 1 0 0 1 0 0 0 
0 0 0 1 0 1 0 0 0 0 0 0 0 0 0 1 1 1 1 1 1 0 1 0 0 1 0 0 1 0 0 
0 0 0 0 1 0 1 0 0 0 0 0 0 0 0 0 1 1 1 1 1 1 0 1 0 0 1 0 0 1 0 
0 0 0 0 0 1 0 1 0 0 0 0 0 0 0 0 0 1 1 1 1 1 1 0 1 0 0 1 0 0 1 
1 0 0 0 0 0 1 0 1 0 0 0 0 0 0 0 0 0 1 1 1 1 1 1 0 1 0 0 1 0 0 
0 1 0 0 0 0 0 1 0 1 0 0 0 0 0 0 0 0 0 1 1 1 1 1 1 0 1 0 0 1 0 
0 0 1 0 0 0 0 0 1 0 1 0 0 0 0 0 0 0 0 0 1 1 1 1 1 1 0 1 0 0 1 
1 0 0 1 0 0 0 0 0 1 0 1 0 0 0 0 0 0 0 0 0 1 1 1 1 1 1 0 1 0 0 
0 1 0 0 1 0 0 0 0 0 1 0 1 0 0 0 0 0 0 0 0 0 1 1 1 1 1 1 0 1 0 
0 0 1 0 0 1 0 0 0 0 0 1 0 1 0 0 0 0 0 0 0 0 0 1 1 1 1 1 1 0 1 
1 0 0 1 0 0 1 0 0 0 0 0 1 0 1 0 0 0 0 0 0 0 0 0 1 1 1 1 1 1 0 
0 1 0 0 1 0 0 1 0 0 0 0 0 1 0 1 0 0 0 0 0 0 0 0 0 1 1 1 1 1 1 
1 0 1 0 0 1 0 0 1 0 0 0 0 0 1 0 1 0 0 0 0 0 0 0 0 0 1 1 1 1 1 
1 1 0 1 0 0 1 0 0 1 0 0 0 0 0 1 0 1 0 0 0 0 0 0 0 0 0 1 1 1 1 
1 1 1 0 1 0 0 1 0 0 1 0 0 0 0 0 1 0 1 0 0 0 0 0 0 0 0 0 1 1 1 
1 1 1 1 0 1 0 0 1 0 0 1 0 0 0 0 0 1 0 1 0 0 0 0 0 0 0 0 0 1 1 
1 1 1 1 1 0 1 0 0 1 0 0 1 0 0 0 0 0 1 0 1 0 0 0 0 0 0 0 0 0 1 
n = 31
B = 12
[0,1,2,3,4,5,7,10,14,18,21,]
1 1 1 1 1 1 0 1 0 0 1 0 0 0 1 0 0 0 1 0 0 1 0 0 0 0 0 0 0 0 0 
0 1 1 1 1 1 1 0 1 0 0 1 0 0 0 1 0 0 0 1 0 0 1 0 0 0 0 0 0 0 0 
0 0 1 1 1 1 1 1 0 1 0 0 1 0 0 0 1 0 0 0 1 0 0 1 0 0 0 0 0 0 0 
0 0 0 1 1 1 1 1 1 0 1 0 0 1 0 0 0 1 0 0 0 1 0 0 1 0 0 0 0 0 0 
0 0 0 0 1 1 1 1 1 1 0 1 0 0 1 0 0 0 1 0 0 0 1 0 0 1 0 0 0 0 0 
0 0 0 0 0 1 1 1 1 1 1 0 1 0 0 1 0 0 0 1 0 0 0 1 0 0 1 0 0 0 0 
0 0 0 0 0 0 1 1 1 1 1 1 0 1 0 0 1 0 0 0 1 0 0 0 1 0 0 1 0 0 0 
0 0 0 0 0 0 0 1 1 1 1 1 1 0 1 0 0 1 0 0 0 1 0 0 0 1 0 0 1 0 0 
0 0 0 0 0 0 0 0 1 1 1 1 1 1 0 1 0 0 1 0 0 0 1 0 0 0 1 0 0 1 0 
0 0 0 0 0 0 0 0 0 1 1 1 1 1 1 0 1 0 0 1 0 0 0 1 0 0 0 1 0 0 1 
1 0 0 0 0 0 0 0 0 0 1 1 1 1 1 1 0 1 0 0 1 0 0 0 1 0 0 0 1 0 0 
0 1 0 0 0 0 0 0 0 0 0 1 1 1 1 1 1 0 1 0 0 1 0 0 0 1 0 0 0 1 0 
0 0 1 0 0 0 0 0 0 0 0 0 1 1 1 1 1 1 0 1 0 0 1 0 0 0 1 0 0 0 1 
1 0 0 1 0 0 0 0 0 0 0 0 0 1 1 1 1 1 1 0 1 0 0 1 0 0 0 1 0 0 0 
0 1 0 0 1 0 0 0 0 0 0 0 0 0 1 1 1 1 1 1 0 1 0 0 1 0 0 0 1 0 0 
0 0 1 0 0 1 0 0 0 0 0 0 0 0 0 1 1 1 1 1 1 0 1 0 0 1 0 0 0 1 0 
0 0 0 1 0 0 1 0 0 0 0 0 0 0 0 0 1 1 1 1 1 1 0 1 0 0 1 0 0 0 1 
1 0 0 0 1 0 0 1 0 0 0 0 0 0 0 0 0 1 1 1 1 1 1 0 1 0 0 1 0 0 0 
0 1 0 0 0 1 0 0 1 0 0 0 0 0 0 0 0 0 1 1 1 1 1 1 0 1 0 0 1 0 0 
0 0 1 0 0 0 1 0 0 1 0 0 0 0 0 0 0 0 0 1 1 1 1 1 1 0 1 0 0 1 0 
0 0 0 1 0 0 0 1 0 0 1 0 0 0 0 0 0 0 0 0 1 1 1 1 1 1 0 1 0 0 1 
1 0 0 0 1 0 0 0 1 0 0 1 0 0 0 0 0 0 0 0 0 1 1 1 1 1 1 0 1 0 0 
0 1 0 0 0 1 0 0 0 1 0 0 1 0 0 0 0 0 0 0 0 0 1 1 1 1 1 1 0 1 0 
0 0 1 0 0 0 1 0 0 0 1 0 0 1 0 0 0 0 0 0 0 0 0 1 1 1 1 1 1 0 1 
1 0 0 1 0 0 0 1 0 0 0 1 0 0 1 0 0 0 0 0 0 0 0 0 1 1 1 1 1 1 0 
0 1 0 0 1 0 0 0 1 0 0 0 1 0 0 1 0 0 0 0 0 0 0 0 0 1 1 1 1 1 1 
1 0 1 0 0 1 0 0 0 1 0 0 0 1 0 0 1 0 0 0 0 0 0 0 0 0 1 1 1 1 1 
1 1 0 1 0 0 1 0 0 0 1 0 0 0 1 0 0 1 0 0 0 0 0 0 0 0 0 1 1 1 1 
1 1 1 0 1 0 0 1 0 0 0 1 0 0 0 1 0 0 1 0 0 0 0 0 0 0 0 0 1 1 1 
1 1 1 1 0 1 0 0 1 0 0 0 1 0 0 0 1 0 0 1 0 0 0 0 0 0 0 0 0 1 1 
1 1 1 1 1 0 1 0 0 1 0 0 0 1 0 0 0 1 0 0 1 0 0 0 0 0 0 0 0 0 1 
n = 31
B = 12
[0,1,2,3,4,5,7,10,14,18,24,]
1 1 1 1 1 1 0 1 0 0 1 0 0 0 1 0 0 0 1 0 0 0 0 0 1 0 0 0 0 0 0 
0 1 1 1 1 1 1 0 1 0 0 1 0 0 0 1 0 0 0 1 0 0 0 0 0 1 0 0 0 0 0 
0 0 1 1 1 1 1 1 0 1 0 0 1 0 0 0 1 0 0 0 1 0 0 0 0 0 1 0 0 0 0 
0 0 0 1 1 1 1 1 1 0 1 0 0 1 0 0 0 1 0 0 0 1 0 0 0 0 0 1 0 0 0 
0 0 0 0 1 1 1 1 1 1 0 1 0 0 1 0 0 0 1 0 0 0 1 0 0 0 0 0 1 0 0 
0 0 0 0 0 1 1 1 1 1 1 0 1 0 0 1 0 0 0 1 0 0 0 1 0 0 0 0 0 1 0 
0 0 0 0 0 0 1 1 1 1 1 1 0 1 0 0 1 0 0 0 1 0 0 0 1 0 0 0 0 0 1 
1 0 0 0 0 0 0 1 1 1 1 1 1 0 1 0 0 1 0 0 0 1 0 0 0 1 0 0 0 0 0 
0 1 0 0 0 0 0 0 1 1 1 1 1 1 0 1 0 0 1 0 0 0 1 0 0 0 1 0 0 0 0 
0 0 1 0 0 0 0 0 0 1 1 1 1 1 1 0 1 0 0 1 0 0 0 1 0 0 0 1 0 0 0 
0 0 0 1 0 0 0 0 0 0 1 1 1 1 1 1 0 1 0 0 1 0 0 0 1 0 0 0 1 0 0 
0 0 0 0 1 0 0 0 0 0 0 1 1 1 1 1 1 0 1 0 0 1 0 0 0 1 0 0 0 1 0 
0 0 0 0 0 1 0 0 0 0 0 0 1 1 1 1 1 1 0 1 0 0 1 0 0 0 1 0 0 0 1 
1 0 0 0 0 0 1 0 0 0 0 0 0 1 1 1 1 1 1 0 1 0 0 1 0 0 0 1 0 0 0 
0 1 0 0 0 0 0 1 0 0 0 0 0 0 1 1 1 1 1 1 0 1 0 0 1 0 0 0 1 0 0 
0 0 1 0 0 0 0 0 1 0 0 0 0 0 0 1 1 1 1 1 1 0 1 0 0 1 0 0 0 1 0 
0 0 0 1 0 0 0 0 0 1 0 0 0 0 0 0 1 1 1 1 1 1 0 1 0 0 1 0 0 0 1 
1 0 0 0 1 0 0 0 0 0 1 0 0 0 0 0 0 1 1 1 1 1 1 0 1 0 0 1 0 0 0 
0 1 0 0 0 1 0 0 0 0 0 1 0 0 0 0 0 0 1 1 1 1 1 1 0 1 0 0 1 0 0 
0 0 1 0 0 0 1 0 0 0 0 0 1 0 0 0 0 0 0 1 1 1 1 1 1 0 1 0 0 1 0 
0 0 0 1 0 0 0 1 0 0 0 0 0 1 0 0 0 0 0 0 1 1 1 1 1 1 0 1 0 0 1 
1 0 0 0 1 0 0 0 1 0 0 0 0 0 1 0 0 0 0 0 0 1 1 1 1 1 1 0 1 0 0 
0 1 0 0 0 1 0 0 0 1 0 0 0 0 0 1 0 0 0 0 0 0 1 1 1 1 1 1 0 1 0 
0 0 1 0 0 0 1 0 0 0 1 0 0 0 0 0 1 0 0 0 0 0 0 1 1 1 1 1 1 0 1 
1 0 0 1 0 0 0 1 0 0 0 1 0 0 0 0 0 1 0 0 0 0 0 0 1 1 1 1 1 1 0 
0 1 0 0 1 0 0 0 1 0 0 0 1 0 0 0 0 0 1 0 0 0 0 0 0 1 1 1 1 1 1 
1 0 1 0 0 1 0 0 0 1 0 0 0 1 0 0 0 0 0 1 0 0 0 0 0 0 1 1 1 1 1 
1 1 0 1 0 0 1 0 0 0 1 0 0 0 1 0 0 0 0 0 1 0 0 0 0 0 0 1 1 1 1 
1 1 1 0 1 0 0 1 0 0 0 1 0 0 0 1 0 0 0 0 0 1 0 0 0 0 0 0 1 1 1 
1 1 1 1 0 1 0 0 1 0 0 0 1 0 0 0 1 0 0 0 0 0 1 0 0 0 0 0 0 1 1 
1 1 1 1 1 0 1 0 0 1 0 0 0 1 0 0 0 1 0 0 0 0 0 1 0 0 0 0 0 0 1 
n = 31
B = 12
[0,1,2,3,4,5,7,10,14,18,29,]
1 1 1 1 1 1 0 1 0 0 1 0 0 0 1 0 0 0 1 0 0 0 0 0 0 0 0 0 0 1 0 
0 1 1 1 1 1 1 0 1 0 0 1 0 0 0 1 0 0 0 1 0 0 0 0 0 0 0 0 0 0 1 
1 0 1 1 1 1 1 1 0 1 0 0 1 0 0 0 1 0 0 0 1 0 0 0 0 0 0 0 0 0 0 
0 1 0 1 1 1 1 1 1 0 1 0 0 1 0 0 0 1 0 0 0 1 0 0 0 0 0 0 0 0 0 
0 0 1 0 1 1 1 1 1 1 0 1 0 0 1 0 0 0 1 0 0 0 1 0 0 0 0 0 0 0 0 
0 0 0 1 0 1 1 1 1 1 1 0 1 0 0 1 0 0 0 1 0 0 0 1 0 0 0 0 0 0 0 
0 0 0 0 1 0 1 1 1 1 1 1 0 1 0 0 1 0 0 0 1 0 0 0 1 0 0 0 0 0 0 
0 0 0 0 0 1 0 1 1 1 1 1 1 0 1 0 0 1 0 0 0 1 0 0 0 1 0 0 0 0 0 
0 0 0 0 0 0 1 0 1 1 1 1 1 1 0 1 0 0 1 0 0 0 1 0 0 0 1 0 0 0 0 
0 0 0 0 0 0 0 1 0 1 1 1 1 1 1 0 1 0 0 1 0 0 0 1 0 0 0 1 0 0 0 
0 0 0 0 0 0 0 0 1 0 1 1 1 1 1 1 0 1 0 0 1 0 0 0 1 0 0 0 1 0 0 
0 0 0 0 0 0 0 0 0 1 0 1 1 1 1 1 1 0 1 0 0 1 0 0 0 1 0 0 0 1 0 
0 0 0 0 0 0 0 0 0 0 1 0 1 1 1 1 1 1 0 1 0 0 1 0 0 0 1 0 0 0 1 
1 0 0 0 0 0 0 0 0 0 0 1 0 1 1 1 1 1 1 0 1 0 0 1 0 0 0 1 0 0 0 
0 1 0 0 0 0 0 0 0 0 0 0 1 0 1 1 1 1 1 1 0 1 0 0 1 0 0 0 1 0 0 
0 0 1 0 0 0 0 0 0 0 0 0 0 1 0 1 1 1 1 1 1 0 1 0 0 1 0 0 0 1 0 
0 0 0 1 0 0 0 0 0 0 0 0 0 0 1 0 1 1 1 1 1 1 0 1 0 0 1 0 0 0 1 
1 0 0 0 1 0 0 0 0 0 0 0 0 0 0 1 0 1 1 1 1 1 1 0 1 0 0 1 0 0 0 
0 1 0 0 0 1 0 0 0 0 0 0 0 0 0 0 1 0 1 1 1 1 1 1 0 1 0 0 1 0 0 
0 0 1 0 0 0 1 0 0 0 0 0 0 0 0 0 0 1 0 1 1 1 1 1 1 0 1 0 0 1 0 
0 0 0 1 0 0 0 1 0 0 0 0 0 0 0 0 0 0 1 0 1 1 1 1 1 1 0 1 0 0 1 
1 0 0 0 1 0 0 0 1 0 0 0 0 0 0 0 0 0 0 1 0 1 1 1 1 1 1 0 1 0 0 
0 1 0 0 0 1 0 0 0 1 0 0 0 0 0 0 0 0 0 0 1 0 1 1 1 1 1 1 0 1 0 
0 0 1 0 0 0 1 0 0 0 1 0 0 0 0 0 0 0 0 0 0 1 0 1 1 1 1 1 1 0 1 
1 0 0 1 0 0 0 1 0 0 0 1 0 0 0 0 0 0 0 0 0 0 1 0 1 1 1 1 1 1 0 
0 1 0 0 1 0 0 0 1 0 0 0 1 0 0 0 0 0 0 0 0 0 0 1 0 1 1 1 1 1 1 
1 0 1 0 0 1 0 0 0 1 0 0 0 1 0 0 0 0 0 0 0 0 0 0 1 0 1 1 1 1 1 
1 1 0 1 0 0 1 0 0 0 1 0 0 0 1 0 0 0 0 0 0 0 0 0 0 1 0 1 1 1 1 
1 1 1 0 1 0 0 1 0 0 0 1 0 0 0 1 0 0 0 0 0 0 0 0 0 0 1 0 1 1 1 
1 1 1 1 0 1 0 0 1 0 0 0 1 0 0 0 1 0 0 0 0 0 0 0 0 0 0 1 0 1 1 
1 1 1 1 1 0 1 0 0 1 0 0 0 1 0 0 0 1 0 0 0 0 0 0 0 0 0 0 1 0 1 
n = 31
B = 12
[0,1,2,3,4,5,7,10,14,20,28,]
1 1 1 1 1 1 0 1 0 0 1 0 0 0 1 0 0 0 0 0 1 0 0 0 0 0 0 0 1 0 0 
0 1 1 1 1 1 1 0 1 0 0 1 0 0 0 1 0 0 0 0 0 1 0 0 0 0 0 0 0 1 0 
0 0 1 1 1 1 1 1 0 1 0 0 1 0 0 0 1 0 0 0 0 0 1 0 0 0 0 0 0 0 1 
1 0 0 1 1 1 1 1 1 0 1 0 0 1 0 0 0 1 0 0 0 0 0 1 0 0 0 0 0 0 0 
0 1 0 0 1 1 1 1 1 1 0 1 0 0 1 0 0 0 1 0 0 0 0 0 1 0 0 0 0 0 0 
0 0 1 0 0 1 1 1 1 1 1 0 1 0 0 1 0 0 0 1 0 0 0 0 0 1 0 0 0 0 0 
0 0 0 1 0 0 1 1 1 1 1 1 0 1 0 0 1 0 0 0 1 0 0 0 0 0 1 0 0 0 0 
0 0 0 0 1 0 0 1 1 1 1 1 1 0 1 0 0 1 0 0 0 1 0 0 0 0 0 1 0 0 0 
0 0 0 0 0 1 0 0 1 1 1 1 1 1 0 1 0 0 1 0 0 0 1 0 0 0 0 0 1 0 0 
0 0 0 0 0 0 1 0 0 1 1 1 1 1 1 0 1 0 0 1 0 0 0 1 0 0 0 0 0 1 0 
0 0 0 0 0 0 0 1 0 0 1 1 1 1 1 1 0 1 0 0 1 0 0 0 1 0 0 0 0 0 1 
1 0 0 0 0 0 0 0 1 0 0 1 1 1 1 1 1 0 1 0 0 1 0 0 0 1 0 0 0 0 0 
0 1 0 0 0 0 0 0 0 1 0 0 1 1 1 1 1 1 0 1 0 0 1 0 0 0 1 0 0 0 0 
0 0 1 0 0 0 0 0 0 0 1 0 0 1 1 1 1 1 1 0 1 0 0 1 0 0 0 1 0 0 0 
0 0 0 1 0 0 0 0 0 0 0 1 0 0 1 1 1 1 1 1 0 1 0 0 1 0 0 0 1 0 0 
0 0 0 0 1 0 0 0 0 0 0 0 1 0 0 1 1 1 1 1 1 0 1 0 0 1 0 0 0 1 0 
0 0 0 0 0 1 0 0 0 0 0 0 0 1 0 0 1 1 1 1 1 1 0 1 0 0 1 0 0 0 1 
1 0 0 0 0 0 1 0 0 0 0 0 0 0 1 0 0 1 1 1 1 1 1 0 1 0 0 1 0 0 0 
0 1 0 0 0 0 0 1 0 0 0 0 0 0 0 1 0 0 1 1 1 1 1 1 0 1 0 0 1 0 0 
0 0 1 0 0 0 0 0 1 0 0 0 0 0 0 0 1 0 0 1 1 1 1 1 1 0 1 0 0 1 0 
0 0 0 1 0 0 0 0 0 1 0 0 0 0 0 0 0 1 0 0 1 1 1 1 1 1 0 1 0 0 1 
1 0 0 0 1 0 0 0 0 0 1 0 0 0 0 0 0 0 1 0 0 1 1 1 1 1 1 0 1 0 0 
0 1 0 0 0 1 0 0 0 0 0 1 0 0 0 0 0 0 0 1 0 0 1 1 1 1 1 1 0 1 0 
0 0 1 0 0 0 1 0 0 0 0 0 1 0 0 0 0 0 0 0 1 0 0 1 1 1 1 1 1 0 1 
1 0 0 1 0 0 0 1 0 0 0 0 0 1 0 0 0 0 0 0 0 1 0 0 1 1 1 1 1 1 0 
0 1 0 0 1 0 0 0 1 0 0 0 0 0 1 0 0 0 0 0 0 0 1 0 0 1 1 1 1 1 1 
1 0 1 0 0 1 0 0 0 1 0 0 0 0 0 1 0 0 0 0 0 0 0 1 0 0 1 1 1 1 1 
1 1 0 1 0 0 1 0 0 0 1 0 0 0 0 0 1 0 0 0 0 0 0 0 1 0 0 1 1 1 1 
1 1 1 0 1 0 0 1 0 0 0 1 0 0 0 0 0 1 0 0 0 0 0 0 0 1 0 0 1 1 1 
1 1 1 1 0 1 0 0 1 0 0 0 1 0 0 0 0 0 1 0 0 0 0 0 0 0 1 0 0 1 1 
1 1 1 1 1 0 1 0 0 1 0 0 0 1 0 0 0 0 0 1 0 0 0 0 0 0 0 1 0 0 1 
n = 31
B = 12
[0,1,2,3,4,5,7,10,14,23,26,]
1 1 1 1 1 1 0 1 0 0 1 0 0 0 1 0 0 0 0 0 0 0 0 1 0 0 1 0 0 0 0 
0 1 1 1 1 1 1 0 1 0 0 1 0 0 0 1 0 0 0 0 0 0 0 0 1 0 0 1 0 0 0 
0 0 1 1 1 1 1 1 0 1 0 0 1 0 0 0 1 0 0 0 0 0 0 0 0 1 0 0 1 0 0 
0 0 0 1 1 1 1 1 1 0 1 0 0 1 0 0 0 1 0 0 0 0 0 0 0 0 1 0 0 1 0 
0 0 0 0 1 1 1 1 1 1 0 1 0 0 1 0 0 0 1 0 0 0 0 0 0 0 0 1 0 0 1 
1 0 0 0 0 1 1 1 1 1 1 0 1 0 0 1 0 0 0 1 0 0 0 0 0 0 0 0 1 0 0 
0 1 0 0 0 0 1 1 1 1 1 1 0 1 0 0 1 0 0 0 1 0 0 0 0 0 0 0 0 1 0 
0 0 1 0 0 0 0 1 1 1 1 1 1 0 1 0 0 1 0 0 0 1 0 0 0 0 0 0 0 0 1 
1 0 0 1 0 0 0 0 1 1 1 1 1 1 0 1 0 0 1 0 0 0 1 0 0 0 0 0 0 0 0 
0 1 0 0 1 0 0 0 0 1 1 1 1 1 1 0 1 0 0 1 0 0 0 1 0 0 0 0 0 0 0 
0 0 1 0 0 1 0 0 0 0 1 1 1 1 1 1 0 1 0 0 1 0 0 0 1 0 0 0 0 0 0 
0 0 0 1 0 0 1 0 0 0 0 1 1 1 1 1 1 0 1 0 0 1 0 0 0 1 0 0 0 0 0 
0 0 0 0 1 0 0 1 0 0 0 0 1 1 1 1 1 1 0 1 0 0 1 0 0 0 1 0 0 0 0 
0 0 0 0 0 1 0 0 1 0 0 0 0 1 1 1 1 1 1 0 1 0 0 1 0 0 0 1 0 0 0 
0 0 0 0 0 0 1 0 0 1 0 0 0 0 1 1 1 1 1 1 0 1 0 0 1 0 0 0 1 0 0 
0 0 0 0 0 0 0 1 0 0 1 0 0 0 0 1 1 1 1 1 1 0 1 0 0 1 0 0 0 1 0 
0 0 0 0 0 0 0 0 1 0 0 1 0 0 0 0 1 1 1 1 1 1 0 1 0 0 1 0 0 0 1 
1 0 0 0 0 0 0 0 0 1 0 0 1 0 0 0 0 1 1 1 1 1 1 0 1 0 0 1 0 0 0 
0 1 0 0 0 0 0 0 0 0 1 0 0 1 0 0 0 0 1 1 1 1 1 1 0 1 0 0 1 0 0 
0 0 1 0 0 0 0 0 0 0 0 1 0 0 1 0 0 0 0 1 1 1 1 1 1 0 1 0 0 1 0 
0 0 0 1 0 0 0 0 0 0 0 0 1 0 0 1 0 0 0 0 1 1 1 1 1 1 0 1 0 0 1 
1 0 0 0 1 0 0 0 0 0 0 0 0 1 0 0 1 0 0 0 0 1 1 1 1 1 1 0 1 0 0 
0 1 0 0 0 1 0 0 0 0 0 0 0 0 1 0 0 1 0 0 0 0 1 1 1 1 1 1 0 1 0 
0 0 1 0 0 0 1 0 0 0 0 0 0 0 0 1 0 0 1 0 0 0 0 1 1 1 1 1 1 0 1 
1 0 0 1 0 0 0 1 0 0 0 0 0 0 0 0 1 0 0 1 0 0 0 0 1 1 1 1 1 1 0 
0 1 0 0 1 0 0 0 1 0 0 0 0 0 0 0 0 1 0 0 1 0 0 0 0 1 1 1 1 1 1 
1 0 1 0 0 1 0 0 0 1 0 0 0 0 0 0 0 0 1 0 0 1 0 0 0 0 1 1 1 1 1 
1 1 0 1 0 0 1 0 0 0 1 0 0 0 0 0 0 0 0 1 0 0 1 0 0 0 0 1 1 1 1 
1 1 1 0 1 0 0 1 0 0 0 1 0 0 0 0 0 0 0 0 1 0 0 1 0 0 0 0 1 1 1 
1 1 1 1 0 1 0 0 1 0 0 0 1 0 0 0 0 0 0 0 0 1 0 0 1 0 0 0 0 1 1 
1 1 1 1 1 0 1 0 0 1 0 0 0 1 0 0 0 0 0 0 0 0 1 0 0 1 0 0 0 0 1 
n = 31
B = 12
[0,1,2,3,4,5,7,10,14,24,28,]
1 1 1 1 1 1 0 1 0 0 1 0 0 0 1 0 0 0 0 0 0 0 0 0 1 0 0 0 1 0 0 
0 1 1 1 1 1 1 0 1 0 0 1 0 0 0 1 0 0 0 0 0 0 0 0 0 1 0 0 0 1 0 
0 0 1 1 1 1 1 1 0 1 0 0 1 0 0 0 1 0 0 0 0 0 0 0 0 0 1 0 0 0 1 
1 0 0 1 1 1 1 1 1 0 1 0 0 1 0 0 0 1 0 0 0 0 0 0 0 0 0 1 0 0 0 
0 1 0 0 1 1 1 1 1 1 0 1 0 0 1 0 0 0 1 0 0 0 0 0 0 0 0 0 1 0 0 
0 0 1 0 0 1 1 1 1 1 1 0 1 0 0 1 0 0 0 1 0 0 0 0 0 0 0 0 0 1 0 
0 0 0 1 0 0 1 1 1 1 1 1 0 1 0 0 1 0 0 0 1 0 0 0 0 0 0 0 0 0 1 
1 0 0 0 1 0 0 1 1 1 1 1 1 0 1 0 0 1 0 0 0 1 0 0 0 0 0 0 0 0 0 
0 1 0 0 0 1 0 0 1 1 1 1 1 1 0 1 0 0 1 0 0 0 1 0 0 0 0 0 0 0 0 
0 0 1 0 0 0 1 0 0 1 1 1 1 1 1 0 1 0 0 1 0 0 0 1 0 0 0 0 0 0 0 
0 0 0 1 0 0 0 1 0 0 1 1 1 1 1 1 0 1 0 0 1 0 0 0 1 0 0 0 0 0 0 
0 0 0 0 1 0 0 0 1 0 0 1 1 1 1 1 1 0 1 0 0 1 0 0 0 1 0 0 0 0 0 
0 0 0 0 0 1 0 0 0 1 0 0 1 1 1 1 1 1 0 1 0 0 1 0 0 0 1 0 0 0 0 
0 0 0 0 0 0 1 0 0 0 1 0 0 1 1 1 1 1 1 0 1 0 0 1 0 0 0 1 0 0 0 
0 0 0 0 0 0 0 1 0 0 0 1 0 0 1 1 1 1 1 1 0 1 0 0 1 0 0 0 1 0 0 
0 0 0 0 0 0 0 0 1 0 0 0 1 0 0 1 1 1 1 1 1 0 1 0 0 1 0 0 0 1 0 
0 0 0 0 0 0 0 0 0 1 0 0 0 1 0 0 1 1 1 1 1 1 0 1 0 0 1 0 0 0 1 
1 0 0 0 0 0 0 0 0 0 1 0 0 0 1 0 0 1 1 1 1 1 1 0 1 0 0 1 0 0 0 
0 1 0 0 0 0 0 0 0 0 0 1 0 0 0 1 0 0 1 1 1 1 1 1 0 1 0 0 1 0 0 
0 0 1 0 0 0 0 0 0 0 0 0 1 0 0 0 1 0 0 1 1 1 1 1 1 0 1 0 0 1 0 
0 0 0 1 0 0 0 0 0 0 0 0 0 1 0 0 0 1 0 0 1 1 1 1 1 1 0 1 0 0 1 
1 0 0 0 1 0 0 0 0 0 0 0 0 0 1 0 0 0 1 0 0 1 1 1 1 1 1 0 1 0 0 
0 1 0 0 0 1 0 0 0 0 0 0 0 0 0 1 0 0 0 1 0 0 1 1 1 1 1 1 0 1 0 
0 0 1 0 0 0 1 0 0 0 0 0 0 0 0 0 1 0 0 0 1 0 0 1 1 1 1 1 1 0 1 
1 0 0 1 0 0 0 1 0 0 0 0 0 0 0 0 0 1 0 0 0 1 0 0 1 1 1 1 1 1 0 
0 1 0 0 1 0 0 0 1 0 0 0 0 0 0 0 0 0 1 0 0 0 1 0 0 1 1 1 1 1 1 
1 0 1 0 0 1 0 0 0 1 0 0 0 0 0 0 0 0 0 1 0 0 0 1 0 0 1 1 1 1 1 
1 1 0 1 0 0 1 0 0 0 1 0 0 0 0 0 0 0 0 0 1 0 0 0 1 0 0 1 1 1 1 
1 1 1 0 1 0 0 1 0 0 0 1 0 0 0 0 0 0 0 0 0 1 0 0 0 1 0 0 1 1 1 
1 1 1 1 0 1 0 0 1 0 0 0 1 0 0 0 0 0 0 0 0 0 1 0 0 0 1 0 0 1 1 
1 1 1 1 1 0 1 0 0 1 0 0 0 1 0 0 0 0 0 0 0 0 0 1 0 0 0 1 0 0 1 
n = 31
B = 12
[0,1,2,3,4,5,7,10,14,24,29,]
1 1 1 1 1 1 0 1 0 0 1 0 0 0 1 0 0 0 0 0 0 0 0 0 1 0 0 0 0 1 0 
0 1 1 1 1 1 1 0 1 0 0 1 0 0 0 1 0 0 0 0 0 0 0 0 0 1 0 0 0 0 1 
1 0 1 1 1 1 1 1 0 1 0 0 1 0 0 0 1 0 0 0 0 0 0 0 0 0 1 0 0 0 0 
0 1 0 1 1 1 1 1 1 0 1 0 0 1 0 0 0 1 0 0 0 0 0 0 0 0 0 1 0 0 0 
0 0 1 0 1 1 1 1 1 1 0 1 0 0 1 0 0 0 1 0 0 0 0 0 0 0 0 0 1 0 0 
0 0 0 1 0 1 1 1 1 1 1 0 1 0 0 1 0 0 0 1 0 0 0 0 0 0 0 0 0 1 0 
0 0 0 0 1 0 1 1 1 1 1 1 0 1 0 0 1 0 0 0 1 0 0 0 0 0 0 0 0 0 1 
1 0 0 0 0 1 0 1 1 1 1 1 1 0 1 0 0 1 0 0 0 1 0 0 0 0 0 0 0 0 0 
0 1 0 0 0 0 1 0 1 1 1 1 1 1 0 1 0 0 1 0 0 0 1 0 0 0 0 0 0 0 0 
0 0 1 0 0 0 0 1 0 1 1 1 1 1 1 0 1 0 0 1 0 0 0 1 0 0 0 0 0 0 0 
0 0 0 1 0 0 0 0 1 0 1 1 1 1 1 1 0 1 0 0 1 0 0 0 1 0 0 0 0 0 0 
0 0 0 0 1 0 0 0 0 1 0 1 1 1 1 1 1 0 1 0 0 1 0 0 0 1 0 0 0 0 0 
0 0 0 0 0 1 0 0 0 0 1 0 1 1 1 1 1 1 0 1 0 0 1 0 0 0 1 0 0 0 0 
0 0 0 0 0 0 1 0 0 0 0 1 0 1 1 1 1 1 1 0 1 0 0 1 0 0 0 1 0 0 0 
0 0 0 0 0 0 0 1 0 0 0 0 1 0 1 1 1 1 1 1 0 1 0 0 1 0 0 0 1 0 0 
0 0 0 0 0 0 0 0 1 0 0 0 0 1 0 1 1 1 1 1 1 0 1 0 0 1 0 0 0 1 0 
0 0 0 0 0 0 0 0 0 1 0 0 0 0 1 0 1 1 1 1 1 1 0 1 0 0 1 0 0 0 1 
1 0 0 0 0 0 0 0 0 0 1 0 0 0 0 1 0 1 1 1 1 1 1 0 1 0 0 1 0 0 0 
0 1 0 0 0 0 0 0 0 0 0 1 0 0 0 0 1 0 1 1 1 1 1 1 0 1 0 0 1 0 0 
0 0 1 0 0 0 0 0 0 0 0 0 1 0 0 0 0 1 0 1 1 1 1 1 1 0 1 0 0 1 0 
0 0 0 1 0 0 0 0 0 0 0 0 0 1 0 0 0 0 1 0 1 1 1 1 1 1 0 1 0 0 1 
1 0 0 0 1 0 0 0 0 0 0 0 0 0 1 0 0 0 0 1 0 1 1 1 1 1 1 0 1 0 0 
0 1 0 0 0 1 0 0 0 0 0 0 0 0 0 1 0 0 0 0 1 0 1 1 1 1 1 1 0 1 0 
0 0 1 0 0 0 1 0 0 0 0 0 0 0 0 0 1 0 0 0 0 1 0 1 1 1 1 1 1 0 1 
1 0 0 1 0 0 0 1 0 0 0 0 0 0 0 0 0 1 0 0 0 0 1 0 1 1 1 1 1 1 0 
0 1 0 0 1 0 0 0 1 0 0 0 0 0 0 0 0 0 1 0 0 0 0 1 0 1 1 1 1 1 1 
1 0 1 0 0 1 0 0 0 1 0 0 0 0 0 0 0 0 0 1 0 0 0 0 1 0 1 1 1 1 1 
1 1 0 1 0 0 1 0 0 0 1 0 0 0 0 0 0 0 0 0 1 0 0 0 0 1 0 1 1 1 1 
1 1 1 0 1 0 0 1 0 0 0 1 0 0 0 0 0 0 0 0 0 1 0 0 0 0 1 0 1 1 1 
1 1 1 1 0 1 0 0 1 0 0 0 1 0 0 0 0 0 0 0 0 0 1 0 0 0 0 1 0 1 1 
1 1 1 1 1 0 1 0 0 1 0 0 0 1 0 0 0 0 0 0 0 0 0 1 0 0 0 0 1 0 1 
n = 31
B = 12
[0,1,2,3,4,5,7,10,14,26,28,]
1 1 1 1 1 1 0 1 0 0 1 0 0 0 1 0 0 0 0 0 0 0 0 0 0 0 1 0 1 0 0 
0 1 1 1 1 1 1 0 1 0 0 1 0 0 0 1 0 0 0 0 0 0 0 0 0 0 0 1 0 1 0 
0 0 1 1 1 1 1 1 0 1 0 0 1 0 0 0 1 0 0 0 0 0 0 0 0 0 0 0 1 0 1 
1 0 0 1 1 1 1 1 1 0 1 0 0 1 0 0 0 1 0 0 0 0 0 0 0 0 0 0 0 1 0 
0 1 0 0 1 1 1 1 1 1 0 1 0 0 1 0 0 0 1 0 0 0 0 0 0 0 0 0 0 0 1 
1 0 1 0 0 1 1 1 1 1 1 0 1 0 0 1 0 0 0 1 0 0 0 0 0 0 0 0 0 0 0 
0 1 0 1 0 0 1 1 1 1 1 1 0 1 0 0 1 0 0 0 1 0 0 0 0 0 0 0 0 0 0 
0 0 1 0 1 0 0 1 1 1 1 1 1 0 1 0 0 1 0 0 0 1 0 0 0 0 0 0 0 0 0 
0 0 0 1 0 1 0 0 1 1 1 1 1 1 0 1 0 0 1 0 0 0 1 0 0 0 0 0 0 0 0 
0 0 0 0 1 0 1 0 0 1 1 1 1 1 1 0 1 0 0 1 0 0 0 1 0 0 0 0 0 0 0 
0 0 0 0 0 1 0 1 0 0 1 1 1 1 1 1 0 1 0 0 1 0 0 0 1 0 0 0 0 0 0 
0 0 0 0 0 0 1 0 1 0 0 1 1 1 1 1 1 0 1 0 0 1 0 0 0 1 0 0 0 0 0 
0 0 0 0 0 0 0 1 0 1 0 0 1 1 1 1 1 1 0 1 0 0 1 0 0 0 1 0 0 0 0 
0 0 0 0 0 0 0 0 1 0 1 0 0 1 1 1 1 1 1 0 1 0 0 1 0 0 0 1 0 0 0 
0 0 0 0 0 0 0 0 0 1 0 1 0 0 1 1 1 1 1 1 0 1 0 0 1 0 0 0 1 0 0 
0 0 0 0 0 0 0 0 0 0 1 0 1 0 0 1 1 1 1 1 1 0 1 0 0 1 0 0 0 1 0 
0 0 0 0 0 0 0 0 0 0 0 1 0 1 0 0 1 1 1 1 1 1 0 1 0 0 1 0 0 0 1 
1 0 0 0 0 0 0 0 0 0 0 0 1 0 1 0 0 1 1 1 1 1 1 0 1 0 0 1 0 0 0 
0 1 0 0 0 0 0 0 0 0 0 0 0 1 0 1 0 0 1 1 1 1 1 1 0 1 0 0 1 0 0 
0 0 1 0 0 0 0 0 0 0 0 0 0 0 1 0 1 0 0 1 1 1 1 1 1 0 1 0 0 1 0 
0 0 0 1 0 0 0 0 0 0 0 0 0 0 0 1 0 1 0 0 1 1 1 1 1 1 0 1 0 0 1 
1 0 0 0 1 0 0 0 0 0 0 0 0 0 0 0 1 0 1 0 0 1 1 1 1 1 1 0 1 0 0 
0 1 0 0 0 1 0 0 0 0 0 0 0 0 0 0 0 1 0 1 0 0 1 1 1 1 1 1 0 1 0 
0 0 1 0 0 0 1 0 0 0 0 0 0 0 0 0 0 0 1 0 1 0 0 1 1 1 1 1 1 0 1 
1 0 0 1 0 0 0 1 0 0 0 0 0 0 0 0 0 0 0 1 0 1 0 0 1 1 1 1 1 1 0 
0 1 0 0 1 0 0 0 1 0 0 0 0 0 0 0 0 0 0 0 1 0 1 0 0 1 1 1 1 1 1 
1 0 1 0 0 1 0 0 0 1 0 0 0 0 0 0 0 0 0 0 0 1 0 1 0 0 1 1 1 1 1 
1 1 0 1 0 0 1 0 0 0 1 0 0 0 0 0 0 0 0 0 0 0 1 0 1 0 0 1 1 1 1 
1 1 1 0 1 0 0 1 0 0 0 1 0 0 0 0 0 0 0 0 0 0 0 1 0 1 0 0 1 1 1 
1 1 1 1 0 1 0 0 1 0 0 0 1 0 0 0 0 0 0 0 0 0 0 0 1 0 1 0 0 1 1 
1 1 1 1 1 0 1 0 0 1 0 0 0 1 0 0 0 0 0 0 0 0 0 0 0 1 0 1 0 0 1 
n = 31
B = 12
[0,1,2,3,4,5,7,10,15,18,23,]
1 1 1 1 1 1 0 1 0 0 1 0 0 0 0 1 0 0 1 0 0 0 0 1 0 0 0 0 0 0 0 
0 1 1 1 1 1 1 0 1 0 0 1 0 0 0 0 1 0 0 1 0 0 0 0 1 0 0 0 0 0 0 
0 0 1 1 1 1 1 1 0 1 0 0 1 0 0 0 0 1 0 0 1 0 0 0 0 1 0 0 0 0 0 
0 0 0 1 1 1 1 1 1 0 1 0 0 1 0 0 0 0 1 0 0 1 0 0 0 0 1 0 0 0 0 
0 0 0 0 1 1 1 1 1 1 0 1 0 0 1 0 0 0 0 1 0 0 1 0 0 0 0 1 0 0 0 
0 0 0 0 0 1 1 1 1 1 1 0 1 0 0 1 0 0 0 0 1 0 0 1 0 0 0 0 1 0 0 
0 0 0 0 0 0 1 1 1 1 1 1 0 1 0 0 1 0 0 0 0 1 0 0 1 0 0 0 0 1 0 
0 0 0 0 0 0 0 1 1 1 1 1 1 0 1 0 0 1 0 0 0 0 1 0 0 1 0 0 0 0 1 
1 0 0 0 0 0 0 0 1 1 1 1 1 1 0 1 0 0 1 0 0 0 0 1 0 0 1 0 0 0 0 
0 1 0 0 0 0 0 0 0 1 1 1 1 1 1 0 1 0 0 1 0 0 0 0 1 0 0 1 0 0 0 
0 0 1 0 0 0 0 0 0 0 1 1 1 1 1 1 0 1 0 0 1 0 0 0 0 1 0 0 1 0 0 
0 0 0 1 0 0 0 0 0 0 0 1 1 1 1 1 1 0 1 0 0 1 0 0 0 0 1 0 0 1 0 
0 0 0 0 1 0 0 0 0 0 0 0 1 1 1 1 1 1 0 1 0 0 1 0 0 0 0 1 0 0 1 
1 0 0 0 0 1 0 0 0 0 0 0 0 1 1 1 1 1 1 0 1 0 0 1 0 0 0 0 1 0 0 
0 1 0 0 0 0 1 0 0 0 0 0 0 0 1 1 1 1 1 1 0 1 0 0 1 0 0 0 0 1 0 
0 0 1 0 0 0 0 1 0 0 0 0 0 0 0 1 1 1 1 1 1 0 1 0 0 1 0 0 0 0 1 
1 0 0 1 0 0 0 0 1 0 0 0 0 0 0 0 1 1 1 1 1 1 0 1 0 0 1 0 0 0 0 
0 1 0 0 1 0 0 0 0 1 0 0 0 0 0 0 0 1 1 1 1 1 1 0 1 0 0 1 0 0 0 
0 0 1 0 0 1 0 0 0 0 1 0 0 0 0 0 0 0 1 1 1 1 1 1 0 1 0 0 1 0 0 
0 0 0 1 0 0 1 0 0 0 0 1 0 0 0 0 0 0 0 1 1 1 1 1 1 0 1 0 0 1 0 
0 0 0 0 1 0 0 1 0 0 0 0 1 0 0 0 0 0 0 0 1 1 1 1 1 1 0 1 0 0 1 
1 0 0 0 0 1 0 0 1 0 0 0 0 1 0 0 0 0 0 0 0 1 1 1 1 1 1 0 1 0 0 
0 1 0 0 0 0 1 0 0 1 0 0 0 0 1 0 0 0 0 0 0 0 1 1 1 1 1 1 0 1 0 
0 0 1 0 0 0 0 1 0 0 1 0 0 0 0 1 0 0 0 0 0 0 0 1 1 1 1 1 1 0 1 
1 0 0 1 0 0 0 0 1 0 0 1 0 0 0 0 1 0 0 0 0 0 0 0 1 1 1 1 1 1 0 
0 1 0 0 1 0 0 0 0 1 0 0 1 0 0 0 0 1 0 0 0 0 0 0 0 1 1 1 1 1 1 
1 0 1 0 0 1 0 0 0 0 1 0 0 1 0 0 0 0 1 0 0 0 0 0 0 0 1 1 1 1 1 
1 1 0 1 0 0 1 0 0 0 0 1 0 0 1 0 0 0 0 1 0 0 0 0 0 0 0 1 1 1 1 
1 1 1 0 1 0 0 1 0 0 0 0 1 0 0 1 0 0 0 0 1 0 0 0 0 0 0 0 1 1 1 
1 1 1 1 0 1 0 0 1 0 0 0 0 1 0 0 1 0 0 0 0 1 0 0 0 0 0 0 0 1 1 
1 1 1 1 1 0 1 0 0 1 0 0 0 0 1 0 0 1 0 0 0 0 1 0 0 0 0 0 0 0 1 
n = 31
B = 12
[0,1,2,3,4,5,7,10,15,19,23,]
1 1 1 1 1 1 0 1 0 0 1 0 0 0 0 1 0 0 0 1 0 0 0 1 0 0 0 0 0 0 0 
0 1 1 1 1 1 1 0 1 0 0 1 0 0 0 0 1 0 0 0 1 0 0 0 1 0 0 0 0 0 0 
0 0 1 1 1 1 1 1 0 1 0 0 1 0 0 0 0 1 0 0 0 1 0 0 0 1 0 0 0 0 0 
0 0 0 1 1 1 1 1 1 0 1 0 0 1 0 0 0 0 1 0 0 0 1 0 0 0 1 0 0 0 0 
0 0 0 0 1 1 1 1 1 1 0 1 0 0 1 0 0 0 0 1 0 0 0 1 0 0 0 1 0 0 0 
0 0 0 0 0 1 1 1 1 1 1 0 1 0 0 1 0 0 0 0 1 0 0 0 1 0 0 0 1 0 0 
0 0 0 0 0 0 1 1 1 1 1 1 0 1 0 0 1 0 0 0 0 1 0 0 0 1 0 0 0 1 0 
0 0 0 0 0 0 0 1 1 1 1 1 1 0 1 0 0 1 0 0 0 0 1 0 0 0 1 0 0 0 1 
1 0 0 0 0 0 0 0 1 1 1 1 1 1 0 1 0 0 1 0 0 0 0 1 0 0 0 1 0 0 0 
0 1 0 0 0 0 0 0 0 1 1 1 1 1 1 0 1 0 0 1 0 0 0 0 1 0 0 0 1 0 0 
0 0 1 0 0 0 0 0 0 0 1 1 1 1 1 1 0 1 0 0 1 0 0 0 0 1 0 0 0 1 0 
0 0 0 1 0 0 0 0 0 0 0 1 1 1 1 1 1 0 1 0 0 1 0 0 0 0 1 0 0 0 1 
1 0 0 0 1 0 0 0 0 0 0 0 1 1 1 1 1 1 0 1 0 0 1 0 0 0 0 1 0 0 0 
0 1 0 0 0 1 0 0 0 0 0 0 0 1 1 1 1 1 1 0 1 0 0 1 0 0 0 0 1 0 0 
0 0 1 0 0 0 1 0 0 0 0 0 0 0 1 1 1 1 1 1 0 1 0 0 1 0 0 0 0 1 0 
0 0 0 1 0 0 0 1 0 0 0 0 0 0 0 1 1 1 1 1 1 0 1 0 0 1 0 0 0 0 1 
1 0 0 0 1 0 0 0 1 0 0 0 0 0 0 0 1 1 1 1 1 1 0 1 0 0 1 0 0 0 0 
0 1 0 0 0 1 0 0 0 1 0 0 0 0 0 0 0 1 1 1 1 1 1 0 1 0 0 1 0 0 0 
0 0 1 0 0 0 1 0 0 0 1 0 0 0 0 0 0 0 1 1 1 1 1 1 0 1 0 0 1 0 0 
0 0 0 1 0 0 0 1 0 0 0 1 0 0 0 0 0 0 0 1 1 1 1 1 1 0 1 0 0 1 0 
0 0 0 0 1 0 0 0 1 0 0 0 1 0 0 0 0 0 0 0 1 1 1 1 1 1 0 1 0 0 1 
1 0 0 0 0 1 0 0 0 1 0 0 0 1 0 0 0 0 0 0 0 1 1 1 1 1 1 0 1 0 0 
0 1 0 0 0 0 1 0 0 0 1 0 0 0 1 0 0 0 0 0 0 0 1 1 1 1 1 1 0 1 0 
0 0 1 0 0 0 0 1 0 0 0 1 0 0 0 1 0 0 0 0 0 0 0 1 1 1 1 1 1 0 1 
1 0 0 1 0 0 0 0 1 0 0 0 1 0 0 0 1 0 0 0 0 0 0 0 1 1 1 1 1 1 0 
0 1 0 0 1 0 0 0 0 1 0 0 0 1 0 0 0 1 0 0 0 0 0 0 0 1 1 1 1 1 1 
1 0 1 0 0 1 0 0 0 0 1 0 0 0 1 0 0 0 1 0 0 0 0 0 0 0 1 1 1 1 1 
1 1 0 1 0 0 1 0 0 0 0 1 0 0 0 1 0 0 0 1 0 0 0 0 0 0 0 1 1 1 1 
1 1 1 0 1 0 0 1 0 0 0 0 1 0 0 0 1 0 0 0 1 0 0 0 0 0 0 0 1 1 1 
1 1 1 1 0 1 0 0 1 0 0 0 0 1 0 0 0 1 0 0 0 1 0 0 0 0 0 0 0 1 1 
1 1 1 1 1 0 1 0 0 1 0 0 0 0 1 0 0 0 1 0 0 0 1 0 0 0 0 0 0 0 1 
n = 31
B = 12
[0,1,2,3,4,5,7,10,15,19,24,]
1 1 1 1 1 1 0 1 0 0 1 0 0 0 0 1 0 0 0 1 0 0 0 0 1 0 0 0 0 0 0 
0 1 1 1 1 1 1 0 1 0 0 1 0 0 0 0 1 0 0 0 1 0 0 0 0 1 0 0 0 0 0 
0 0 1 1 1 1 1 1 0 1 0 0 1 0 0 0 0 1 0 0 0 1 0 0 0 0 1 0 0 0 0 
0 0 0 1 1 1 1 1 1 0 1 0 0 1 0 0 0 0 1 0 0 0 1 0 0 0 0 1 0 0 0 
0 0 0 0 1 1 1 1 1 1 0 1 0 0 1 0 0 0 0 1 0 0 0 1 0 0 0 0 1 0 0 
0 0 0 0 0 1 1 1 1 1 1 0 1 0 0 1 0 0 0 0 1 0 0 0 1 0 0 0 0 1 0 
0 0 0 0 0 0 1 1 1 1 1 1 0 1 0 0 1 0 0 0 0 1 0 0 0 1 0 0 0 0 1 
1 0 0 0 0 0 0 1 1 1 1 1 1 0 1 0 0 1 0 0 0 0 1 0 0 0 1 0 0 0 0 
0 1 0 0 0 0 0 0 1 1 1 1 1 1 0 1 0 0 1 0 0 0 0 1 0 0 0 1 0 0 0 
0 0 1 0 0 0 0 0 0 1 1 1 1 1 1 0 1 0 0 1 0 0 0 0 1 0 0 0 1 0 0 
0 0 0 1 0 0 0 0 0 0 1 1 1 1 1 1 0 1 0 0 1 0 0 0 0 1 0 0 0 1 0 
0 0 0 0 1 0 0 0 0 0 0 1 1 1 1 1 1 0 1 0 0 1 0 0 0 0 1 0 0 0 1 
1 0 0 0 0 1 0 0 0 0 0 0 1 1 1 1 1 1 0 1 0 0 1 0 0 0 0 1 0 0 0 
0 1 0 0 0 0 1 0 0 0 0 0 0 1 1 1 1 1 1 0 1 0 0 1 0 0 0 0 1 0 0 
0 0 1 0 0 0 0 1 0 0 0 0 0 0 1 1 1 1 1 1 0 1 0 0 1 0 0 0 0 1 0 
0 0 0 1 0 0 0 0 1 0 0 0 0 0 0 1 1 1 1 1 1 0 1 0 0 1 0 0 0 0 1 
1 0 0 0 1 0 0 0 0 1 0 0 0 0 0 0 1 1 1 1 1 1 0 1 0 0 1 0 0 0 0 
0 1 0 0 0 1 0 0 0 0 1 0 0 0 0 0 0 1 1 1 1 1 1 0 1 0 0 1 0 0 0 
0 0 1 0 0 0 1 0 0 0 0 1 0 0 0 0 0 0 1 1 1 1 1 1 0 1 0 0 1 0 0 
0 0 0 1 0 0 0 1 0 0 0 0 1 0 0 0 0 0 0 1 1 1 1 1 1 0 1 0 0 1 0 
0 0 0 0 1 0 0 0 1 0 0 0 0 1 0 0 0 0 0 0 1 1 1 1 1 1 0 1 0 0 1 
1 0 0 0 0 1 0 0 0 1 0 0 0 0 1 0 0 0 0 0 0 1 1 1 1 1 1 0 1 0 0 
0 1 0 0 0 0 1 0 0 0 1 0 0 0 0 1 0 0 0 0 0 0 1 1 1 1 1 1 0 1 0 
0 0 1 0 0 0 0 1 0 0 0 1 0 0 0 0 1 0 0 0 0 0 0 1 1 1 1 1 1 0 1 
1 0 0 1 0 0 0 0 1 0 0 0 1 0 0 0 0 1 0 0 0 0 0 0 1 1 1 1 1 1 0 
0 1 0 0 1 0 0 0 0 1 0 0 0 1 0 0 0 0 1 0 0 0 0 0 0 1 1 1 1 1 1 
1 0 1 0 0 1 0 0 0 0 1 0 0 0 1 0 0 0 0 1 0 0 0 0 0 0 1 1 1 1 1 
1 1 0 1 0 0 1 0 0 0 0 1 0 0 0 1 0 0 0 0 1 0 0 0 0 0 0 1 1 1 1 
1 1 1 0 1 0 0 1 0 0 0 0 1 0 0 0 1 0 0 0 0 1 0 0 0 0 0 0 1 1 1 
1 1 1 1 0 1 0 0 1 0 0 0 0 1 0 0 0 1 0 0 0 0 1 0 0 0 0 0 0 1 1 
1 1 1 1 1 0 1 0 0 1 0 0 0 0 1 0 0 0 1 0 0 0 0 1 0 0 0 0 0 0 1 
n = 31
B = 12
[0,1,2,3,4,5,7,10,15,24,26,]
1 1 1 1 1 1 0 1 0 0 1 0 0 0 0 1 0 0 0 0 0 0 0 0 1 0 1 0 0 0 0 
0 1 1 1 1 1 1 0 1 0 0 1 0 0 0 0 1 0 0 0 0 0 0 0 0 1 0 1 0 0 0 
0 0 1 1 1 1 1 1 0 1 0 0 1 0 0 0 0 1 0 0 0 0 0 0 0 0 1 0 1 0 0 
0 0 0 1 1 1 1 1 1 0 1 0 0 1 0 0 0 0 1 0 0 0 0 0 0 0 0 1 0 1 0 
0 0 0 0 1 1 1 1 1 1 0 1 0 0 1 0 0 0 0 1 0 0 0 0 0 0 0 0 1 0 1 
1 0 0 0 0 1 1 1 1 1 1 0 1 0 0 1 0 0 0 0 1 0 0 0 0 0 0 0 0 1 0 
0 1 0 0 0 0 1 1 1 1 1 1 0 1 0 0 1 0 0 0 0 1 0 0 0 0 0 0 0 0 1 
1 0 1 0 0 0 0 1 1 1 1 1 1 0 1 0 0 1 0 0 0 0 1 0 0 0 0 0 0 0 0 
0 1 0 1 0 0 0 0 1 1 1 1 1 1 0 1 0 0 1 0 0 0 0 1 0 0 0 0 0 0 0 
0 0 1 0 1 0 0 0 0 1 1 1 1 1 1 0 1 0 0 1 0 0 0 0 1 0 0 0 0 0 0 
0 0 0 1 0 1 0 0 0 0 1 1 1 1 1 1 0 1 0 0 1 0 0 0 0 1 0 0 0 0 0 
0 0 0 0 1 0 1 0 0 0 0 1 1 1 1 1 1 0 1 0 0 1 0 0 0 0 1 0 0 0 0 
0 0 0 0 0 1 0 1 0 0 0 0 1 1 1 1 1 1 0 1 0 0 1 0 0 0 0 1 0 0 0 
0 0 0 0 0 0 1 0 1 0 0 0 0 1 1 1 1 1 1 0 1 0 0 1 0 0 0 0 1 0 0 
0 0 0 0 0 0 0 1 0 1 0 0 0 0 1 1 1 1 1 1 0 1 0 0 1 0 0 0 0 1 0 
0 0 0 0 0 0 0 0 1 0 1 0 0 0 0 1 1 1 1 1 1 0 1 0 0 1 0 0 0 0 1 
1 0 0 0 0 0 0 0 0 1 0 1 0 0 0 0 1 1 1 1 1 1 0 1 0 0 1 0 0 0 0 
0 1 0 0 0 0 0 0 0 0 1 0 1 0 0 0 0 1 1 1 1 1 1 0 1 0 0 1 0 0 0 
0 0 1 0 0 0 0 0 0 0 0 1 0 1 0 0 0 0 1 1 1 1 1 1 0 1 0 0 1 0 0 
0 0 0 1 0 0 0 0 0 0 0 0 1 0 1 0 0 0 0 1 1 1 1 1 1 0 1 0 0 1 0 
0 0 0 0 1 0 0 0 0 0 0 0 0 1 0 1 0 0 0 0 1 1 1 1 1 1 0 1 0 0 1 
1 0 0 0 0 1 0 0 0 0 0 0 0 0 1 0 1 0 0 0 0 1 1 1 1 1 1 0 1 0 0 
0 1 0 0 0 0 1 0 0 0 0 0 0 0 0 1 0 1 0 0 0 0 1 1 1 1 1 1 0 1 0 
0 0 1 0 0 0 0 1 0 0 0 0 0 0 0 0 1 0 1 0 0 0 0 1 1 1 1 1 1 0 1 
1 0 0 1 0 0 0 0 1 0 0 0 0 0 0 0 0 1 0 1 0 0 0 0 1 1 1 1 1 1 0 
0 1 0 0 1 0 0 0 0 1 0 0 0 0 0 0 0 0 1 0 1 0 0 0 0 1 1 1 1 1 1 
1 0 1 0 0 1 0 0 0 0 1 0 0 0 0 0 0 0 0 1 0 1 0 0 0 0 1 1 1 1 1 
1 1 0 1 0 0 1 0 0 0 0 1 0 0 0 0 0 0 0 0 1 0 1 0 0 0 0 1 1 1 1 
1 1 1 0 1 0 0 1 0 0 0 0 1 0 0 0 0 0 0 0 0 1 0 1 0 0 0 0 1 1 1 
1 1 1 1 0 1 0 0 1 0 0 0 0 1 0 0 0 0 0 0 0 0 1 0 1 0 0 0 0 1 1 
1 1 1 1 1 0 1 0 0 1 0 0 0 0 1 0 0 0 0 0 0 0 0 1 0 1 0 0 0 0 1 
n = 31
B = 12
[0,1,2,3,4,5,7,10,15,24,29,]
1 1 1 1 1 1 0 1 0 0 1 0 0 0 0 1 0 0 0 0 0 0 0 0 1 0 0 0 0 1 0 
0 1 1 1 1 1 1 0 1 0 0 1 0 0 0 0 1 0 0 0 0 0 0 0 0 1 0 0 0 0 1 
1 0 1 1 1 1 1 1 0 1 0 0 1 0 0 0 0 1 0 0 0 0 0 0 0 0 1 0 0 0 0 
0 1 0 1 1 1 1 1 1 0 1 0 0 1 0 0 0 0 1 0 0 0 0 0 0 0 0 1 0 0 0 
0 0 1 0 1 1 1 1 1 1 0 1 0 0 1 0 0 0 0 1 0 0 0 0 0 0 0 0 1 0 0 
0 0 0 1 0 1 1 1 1 1 1 0 1 0 0 1 0 0 0 0 1 0 0 0 0 0 0 0 0 1 0 
0 0 0 0 1 0 1 1 1 1 1 1 0 1 0 0 1 0 0 0 0 1 0 0 0 0 0 0 0 0 1 
1 0 0 0 0 1 0 1 1 1 1 1 1 0 1 0 0 1 0 0 0 0 1 0 0 0 0 0 0 0 0 
0 1 0 0 0 0 1 0 1 1 1 1 1 1 0 1 0 0 1 0 0 0 0 1 0 0 0 0 0 0 0 
0 0 1 0 0 0 0 1 0 1 1 1 1 1 1 0 1 0 0 1 0 0 0 0 1 0 0 0 0 0 0 
0 0 0 1 0 0 0 0 1 0 1 1 1 1 1 1 0 1 0 0 1 0 0 0 0 1 0 0 0 0 0 
0 0 0 0 1 0 0 0 0 1 0 1 1 1 1 1 1 0 1 0 0 1 0 0 0 0 1 0 0 0 0 
0 0 0 0 0 1 0 0 0 0 1 0 1 1 1 1 1 1 0 1 0 0 1 0 0 0 0 1 0 0 0 
0 0 0 0 0 0 1 0 0 0 0 1 0 1 1 1 1 1 1 0 1 0 0 1 0 0 0 0 1 0 0 
0 0 0 0 0 0 0 1 0 0 0 0 1 0 1 1 1 1 1 1 0 1 0 0 1 0 0 0 0 1 0 
0 0 0 0 0 0 0 0 1 0 0 0 0 1 0 1 1 1 1 1 1 0 1 0 0 1 0 0 0 0 1 
1 0 0 0 0 0 0 0 0 1 0 0 0 0 1 0 1 1 1 1 1 1 0 1 0 0 1 0 0 0 0 
0 1 0 0 0 0 0 0 0 0 1 0 0 0 0 1 0 1 1 1 1 1 1 0 1 0 0 1 0 0 0 
0 0 1 0 0 0 0 0 0 0 0 1 0 0 0 0 1 0 1 1 1 1 1 1 0 1 0 0 1 0 0 
0 0 0 1 0 0 0 0 0 0 0 0 1 0 0 0 0 1 0 1 1 1 1 1 1 0 1 0 0 1 0 
0 0 0 0 1 0 0 0 0 0 0 0 0 1 0 0 0 0 1 0 1 1 1 1 1 1 0 1 0 0 1 
1 0 0 0 0 1 0 0 0 0 0 0 0 0 1 0 0 0 0 1 0 1 1 1 1 1 1 0 1 0 0 
0 1 0 0 0 0 1 0 0 0 0 0 0 0 0 1 0 0 0 0 1 0 1 1 1 1 1 1 0 1 0 
0 0 1 0 0 0 0 1 0 0 0 0 0 0 0 0 1 0 0 0 0 1 0 1 1 1 1 1 1 0 1 
1 0 0 1 0 0 0 0 1 0 0 0 0 0 0 0 0 1 0 0 0 0 1 0 1 1 1 1 1 1 0 
0 1 0 0 1 0 0 0 0 1 0 0 0 0 0 0 0 0 1 0 0 0 0 1 0 1 1 1 1 1 1 
1 0 1 0 0 1 0 0 0 0 1 0 0 0 0 0 0 0 0 1 0 0 0 0 1 0 1 1 1 1 1 
1 1 0 1 0 0 1 0 0 0 0 1 0 0 0 0 0 0 0 0 1 0 0 0 0 1 0 1 1 1 1 
1 1 1 0 1 0 0 1 0 0 0 0 1 0 0 0 0 0 0 0 0 1 0 0 0 0 1 0 1 1 1 
1 1 1 1 0 1 0 0 1 0 0 0 0 1 0 0 0 0 0 0 0 0 1 0 0 0 0 1 0 1 1 
1 1 1 1 1 0 1 0 0 1 0 0 0 0 1 0 0 0 0 0 0 0 0 1 0 0 0 0 1 0 1 
n = 31
B = 12
[0,1,2,3,4,5,7,10,17,23,26,]
1 1 1 1 1 1 0 1 0 0 1 0 0 0 0 0 0 1 0 0 0 0 0 1 0 0 1 0 0 0 0 
0 1 1 1 1 1 1 0 1 0 0 1 0 0 0 0 0 0 1 0 0 0 0 0 1 0 0 1 0 0 0 
0 0 1 1 1 1 1 1 0 1 0 0 1 0 0 0 0 0 0 1 0 0 0 0 0 1 0 0 1 0 0 
0 0 0 1 1 1 1 1 1 0 1 0 0 1 0 0 0 0 0 0 1 0 0 0 0 0 1 0 0 1 0 
0 0 0 0 1 1 1 1 1 1 0 1 0 0 1 0 0 0 0 0 0 1 0 0 0 0 0 1 0 0 1 
1 0 0 0 0 1 1 1 1 1 1 0 1 0 0 1 0 0 0 0 0 0 1 0 0 0 0 0 1 0 0 
0 1 0 0 0 0 1 1 1 1 1 1 0 1 0 0 1 0 0 0 0 0 0 1 0 0 0 0 0 1 0 
0 0 1 0 0 0 0 1 1 1 1 1 1 0 1 0 0 1 0 0 0 0 0 0 1 0 0 0 0 0 1 
1 0 0 1 0 0 0 0 1 1 1 1 1 1 0 1 0 0 1 0 0 0 0 0 0 1 0 0 0 0 0 
0 1 0 0 1 0 0 0 0 1 1 1 1 1 1 0 1 0 0 1 0 0 0 0 0 0 1 0 0 0 0 
0 0 1 0 0 1 0 0 0 0 1 1 1 1 1 1 0 1 0 0 1 0 0 0 0 0 0 1 0 0 0 
0 0 0 1 0 0 1 0 0 0 0 1 1 1 1 1 1 0 1 0 0 1 0 0 0 0 0 0 1 0 0 
0 0 0 0 1 0 0 1 0 0 0 0 1 1 1 1 1 1 0 1 0 0 1 0 0 0 0 0 0 1 0 
0 0 0 0 0 1 0 0 1 0 0 0 0 1 1 1 1 1 1 0 1 0 0 1 0 0 0 0 0 0 1 
1 0 0 0 0 0 1 0 0 1 0 0 0 0 1 1 1 1 1 1 0 1 0 0 1 0 0 0 0 0 0 
0 1 0 0 0 0 0 1 0 0 1 0 0 0 0 1 1 1 1 1 1 0 1 0 0 1 0 0 0 0 0 
0 0 1 0 0 0 0 0 1 0 0 1 0 0 0 0 1 1 1 1 1 1 0 1 0 0 1 0 0 0 0 
0 0 0 1 0 0 0 0 0 1 0 0 1 0 0 0 0 1 1 1 1 1 1 0 1 0 0 1 0 0 0 
0 0 0 0 1 0 0 0 0 0 1 0 0 1 0 0 0 0 1 1 1 1 1 1 0 1 0 0 1 0 0 
0 0 0 0 0 1 0 0 0 0 0 1 0 0 1 0 0 0 0 1 1 1 1 1 1 0 1 0 0 1 0 
0 0 0 0 0 0 1 0 0 0 0 0 1 0 0 1 0 0 0 0 1 1 1 1 1 1 0 1 0 0 1 
1 0 0 0 0 0 0 1 0 0 0 0 0 1 0 0 1 0 0 0 0 1 1 1 1 1 1 0 1 0 0 
0 1 0 0 0 0 0 0 1 0 0 0 0 0 1 0 0 1 0 0 0 0 1 1 1 1 1 1 0 1 0 
0 0 1 0 0 0 0 0 0 1 0 0 0 0 0 1 0 0 1 0 0 0 0 1 1 1 1 1 1 0 1 
1 0 0 1 0 0 0 0 0 0 1 0 0 0 0 0 1 0 0 1 0 0 0 0 1 1 1 1 1 1 0 
0 1 0 0 1 0 0 0 0 0 0 1 0 0 0 0 0 1 0 0 1 0 0 0 0 1 1 1 1 1 1 
1 0 1 0 0 1 0 0 0 0 0 0 1 0 0 0 0 0 1 0 0 1 0 0 0 0 1 1 1 1 1 
1 1 0 1 0 0 1 0 0 0 0 0 0 1 0 0 0 0 0 1 0 0 1 0 0 0 0 1 1 1 1 
1 1 1 0 1 0 0 1 0 0 0 0 0 0 1 0 0 0 0 0 1 0 0 1 0 0 0 0 1 1 1 
1 1 1 1 0 1 0 0 1 0 0 0 0 0 0 1 0 0 0 0 0 1 0 0 1 0 0 0 0 1 1 
1 1 1 1 1 0 1 0 0 1 0 0 0 0 0 0 1 0 0 0 0 0 1 0 0 1 0 0 0 0 1 
n = 31
B = 12
[0,1,2,3,4,5,7,10,18,24,28,]
1 1 1 1 1 1 0 1 0 0 1 0 0 0 0 0 0 0 1 0 0 0 0 0 1 0 0 0 1 0 0 
0 1 1 1 1 1 1 0 1 0 0 1 0 0 0 0 0 0 0 1 0 0 0 0 0 1 0 0 0 1 0 
0 0 1 1 1 1 1 1 0 1 0 0 1 0 0 0 0 0 0 0 1 0 0 0 0 0 1 0 0 0 1 
1 0 0 1 1 1 1 1 1 0 1 0 0 1 0 0 0 0 0 0 0 1 0 0 0 0 0 1 0 0 0 
0 1 0 0 1 1 1 1 1 1 0 1 0 0 1 0 0 0 0 0 0 0 1 0 0 0 0 0 1 0 0 
0 0 1 0 0 1 1 1 1 1 1 0 1 0 0 1 0 0 0 0 0 0 0 1 0 0 0 0 0 1 0 
0 0 0 1 0 0 1 1 1 1 1 1 0 1 0 0 1 0 0 0 0 0 0 0 1 0 0 0 0 0 1 
1 0 0 0 1 0 0 1 1 1 1 1 1 0 1 0 0 1 0 0 0 0 0 0 0 1 0 0 0 0 0 
0 1 0 0 0 1 0 0 1 1 1 1 1 1 0 1 0 0 1 0 0 0 0 0 0 0 1 0 0 0 0 
0 0 1 0 0 0 1 0 0 1 1 1 1 1 1 0 1 0 0 1 0 0 0 0 0 0 0 1 0 0 0 
0 0 0 1 0 0 0 1 0 0 1 1 1 1 1 1 0 1 0 0 1 0 0 0 0 0 0 0 1 0 0 
0 0 0 0 1 0 0 0 1 0 0 1 1 1 1 1 1 0 1 0 0 1 0 0 0 0 0 0 0 1 0 
0 0 0 0 0 1 0 0 0 1 0 0 1 1 1 1 1 1 0 1 0 0 1 0 0 0 0 0 0 0 1 
1 0 0 0 0 0 1 0 0 0 1 0 0 1 1 1 1 1 1 0 1 0 0 1 0 0 0 0 0 0 0 
0 1 0 0 0 0 0 1 0 0 0 1 0 0 1 1 1 1 1 1 0 1 0 0 1 0 0 0 0 0 0 
0 0 1 0 0 0 0 0 1 0 0 0 1 0 0 1 1 1 1 1 1 0 1 0 0 1 0 0 0 0 0 
0 0 0 1 0 0 0 0 0 1 0 0 0 1 0 0 1 1 1 1 1 1 0 1 0 0 1 0 0 0 0 
0 0 0 0 1 0 0 0 0 0 1 0 0 0 1 0 0 1 1 1 1 1 1 0 1 0 0 1 0 0 0 
0 0 0 0 0 1 0 0 0 0 0 1 0 0 0 1 0 0 1 1 1 1 1 1 0 1 0 0 1 0 0 
0 0 0 0 0 0 1 0 0 0 0 0 1 0 0 0 1 0 0 1 1 1 1 1 1 0 1 0 0 1 0 
0 0 0 0 0 0 0 1 0 0 0 0 0 1 0 0 0 1 0 0 1 1 1 1 1 1 0 1 0 0 1 
1 0 0 0 0 0 0 0 1 0 0 0 0 0 1 0 0 0 1 0 0 1 1 1 1 1 1 0 1 0 0 
0 1 0 0 0 0 0 0 0 1 0 0 0 0 0 1 0 0 0 1 0 0 1 1 1 1 1 1 0 1 0 
0 0 1 0 0 0 0 0 0 0 1 0 0 0 0 0 1 0 0 0 1 0 0 1 1 1 1 1 1 0 1 
1 0 0 1 0 0 0 0 0 0 0 1 0 0 0 0 0 1 0 0 0 1 0 0 1 1 1 1 1 1 0 
0 1 0 0 1 0 0 0 0 0 0 0 1 0 0 0 0 0 1 0 0 0 1 0 0 1 1 1 1 1 1 
1 0 1 0 0 1 0 0 0 0 0 0 0 1 0 0 0 0 0 1 0 0 0 1 0 0 1 1 1 1 1 
1 1 0 1 0 0 1 0 0 0 0 0 0 0 1 0 0 0 0 0 1 0 0 0 1 0 0 1 1 1 1 
1 1 1 0 1 0 0 1 0 0 0 0 0 0 0 1 0 0 0 0 0 1 0 0 0 1 0 0 1 1 1 
1 1 1 1 0 1 0 0 1 0 0 0 0 0 0 0 1 0 0 0 0 0 1 0 0 0 1 0 0 1 1 
1 1 1 1 1 0 1 0 0 1 0 0 0 0 0 0 0 1 0 0 0 0 0 1 0 0 0 1 0 0 1 
n = 31
B = 12
[0,1,2,3,4,5,7,10,18,25,27,]
1 1 1 1 1 1 0 1 0 0 1 0 0 0 0 0 0 0 1 0 0 0 0 0 0 1 0 1 0 0 0 
0 1 1 1 1 1 1 0 1 0 0 1 0 0 0 0 0 0 0 1 0 0 0 0 0 0 1 0 1 0 0 
0 0 1 1 1 1 1 1 0 1 0 0 1 0 0 0 0 0 0 0 1 0 0 0 0 0 0 1 0 1 0 
0 0 0 1 1 1 1 1 1 0 1 0 0 1 0 0 0 0 0 0 0 1 0 0 0 0 0 0 1 0 1 
1 0 0 0 1 1 1 1 1 1 0 1 0 0 1 0 0 0 0 0 0 0 1 0 0 0 0 0 0 1 0 
0 1 0 0 0 1 1 1 1 1 1 0 1 0 0 1 0 0 0 0 0 0 0 1 0 0 0 0 0 0 1 
1 0 1 0 0 0 1 1 1 1 1 1 0 1 0 0 1 0 0 0 0 0 0 0 1 0 0 0 0 0 0 
0 1 0 1 0 0 0 1 1 1 1 1 1 0 1 0 0 1 0 0 0 0 0 0 0 1 0 0 0 0 0 
0 0 1 0 1 0 0 0 1 1 1 1 1 1 0 1 0 0 1 0 0 0 0 0 0 0 1 0 0 0 0 
0 0 0 1 0 1 0 0 0 1 1 1 1 1 1 0 1 0 0 1 0 0 0 0 0 0 0 1 0 0 0 
0 0 0 0 1 0 1 0 0 0 1 1 1 1 1 1 0 1 0 0 1 0 0 0 0 0 0 0 1 0 0 
0 0 0 0 0 1 0 1 0 0 0 1 1 1 1 1 1 0 1 0 0 1 0 0 0 0 0 0 0 1 0 
0 0 0 0 0 0 1 0 1 0 0 0 1 1 1 1 1 1 0 1 0 0 1 0 0 0 0 0 0 0 1 
1 0 0 0 0 0 0 1 0 1 0 0 0 1 1 1 1 1 1 0 1 0 0 1 0 0 0 0 0 0 0 
0 1 0 0 0 0 0 0 1 0 1 0 0 0 1 1 1 1 1 1 0 1 0 0 1 0 0 0 0 0 0 
0 0 1 0 0 0 0 0 0 1 0 1 0 0 0 1 1 1 1 1 1 0 1 0 0 1 0 0 0 0 0 
0 0 0 1 0 0 0 0 0 0 1 0 1 0 0 0 1 1 1 1 1 1 0 1 0 0 1 0 0 0 0 
0 0 0 0 1 0 0 0 0 0 0 1 0 1 0 0 0 1 1 1 1 1 1 0 1 0 0 1 0 0 0 
0 0 0 0 0 1 0 0 0 0 0 0 1 0 1 0 0 0 1 1 1 1 1 1 0 1 0 0 1 0 0 
0 0 0 0 0 0 1 0 0 0 0 0 0 1 0 1 0 0 0 1 1 1 1 1 1 0 1 0 0 1 0 
0 0 0 0 0 0 0 1 0 0 0 0 0 0 1 0 1 0 0 0 1 1 1 1 1 1 0 1 0 0 1 
1 0 0 0 0 0 0 0 1 0 0 0 0 0 0 1 0 1 0 0 0 1 1 1 1 1 1 0 1 0 0 
0 1 0 0 0 0 0 0 0 1 0 0 0 0 0 0 1 0 1 0 0 0 1 1 1 1 1 1 0 1 0 
0 0 1 0 0 0 0 0 0 0 1 0 0 0 0 0 0 1 0 1 0 0 0 1 1 1 1 1 1 0 1 
1 0 0 1 0 0 0 0 0 0 0 1 0 0 0 0 0 0 1 0 1 0 0 0 1 1 1 1 1 1 0 
0 1 0 0 1 0 0 0 0 0 0 0 1 0 0 0 0 0 0 1 0 1 0 0 0 1 1 1 1 1 1 
1 0 1 0 0 1 0 0 0 0 0 0 0 1 0 0 0 0 0 0 1 0 1 0 0 0 1 1 1 1 1 
1 1 0 1 0 0 1 0 0 0 0 0 0 0 1 0 0 0 0 0 0 1 0 1 0 0 0 1 1 1 1 
1 1 1 0 1 0 0 1 0 0 0 0 0 0 0 1 0 0 0 0 0 0 1 0 1 0 0 0 1 1 1 
1 1 1 1 0 1 0 0 1 0 0 0 0 0 0 0 1 0 0 0 0 0 0 1 0 1 0 0 0 1 1 
1 1 1 1 1 0 1 0 0 1 0 0 0 0 0 0 0 1 0 0 0 0 0 0 1 0 1 0 0 0 1 
n = 31
B = 12
[0,1,2,3,4,5,7,10,21,25,27,]
1 1 1 1 1 1 0 1 0 0 1 0 0 0 0 0 0 0 0 0 0 1 0 0 0 1 0 1 0 0 0 
0 1 1 1 1 1 1 0 1 0 0 1 0 0 0 0 0 0 0 0 0 0 1 0 0 0 1 0 1 0 0 
0 0 1 1 1 1 1 1 0 1 0 0 1 0 0 0 0 0 0 0 0 0 0 1 0 0 0 1 0 1 0 
0 0 0 1 1 1 1 1 1 0 1 0 0 1 0 0 0 0 0 0 0 0 0 0 1 0 0 0 1 0 1 
1 0 0 0 1 1 1 1 1 1 0 1 0 0 1 0 0 0 0 0 0 0 0 0 0 1 0 0 0 1 0 
0 1 0 0 0 1 1 1 1 1 1 0 1 0 0 1 0 0 0 0 0 0 0 0 0 0 1 0 0 0 1 
1 0 1 0 0 0 1 1 1 1 1 1 0 1 0 0 1 0 0 0 0 0 0 0 0 0 0 1 0 0 0 
0 1 0 1 0 0 0 1 1 1 1 1 1 0 1 0 0 1 0 0 0 0 0 0 0 0 0 0 1 0 0 
0 0 1 0 1 0 0 0 1 1 1 1 1 1 0 1 0 0 1 0 0 0 0 0 0 0 0 0 0 1 0 
0 0 0 1 0 1 0 0 0 1 1 1 1 1 1 0 1 0 0 1 0 0 0 0 0 0 0 0 0 0 1 
1 0 0 0 1 0 1 0 0 0 1 1 1 1 1 1 0 1 0 0 1 0 0 0 0 0 0 0 0 0 0 
0 1 0 0 0 1 0 1 0 0 0 1 1 1 1 1 1 0 1 0 0 1 0 0 0 0 0 0 0 0 0 
0 0 1 0 0 0 1 0 1 0 0 0 1 1 1 1 1 1 0 1 0 0 1 0 0 0 0 0 0 0 0 
0 0 0 1 0 0 0 1 0 1 0 0 0 1 1 1 1 1 1 0 1 0 0 1 0 0 0 0 0 0 0 
0 0 0 0 1 0 0 0 1 0 1 0 0 0 1 1 1 1 1 1 0 1 0 0 1 0 0 0 0 0 0 
0 0 0 0 0 1 0 0 0 1 0 1 0 0 0 1 1 1 1 1 1 0 1 0 0 1 0 0 0 0 0 
0 0 0 0 0 0 1 0 0 0 1 0 1 0 0 0 1 1 1 1 1 1 0 1 0 0 1 0 0 0 0 
0 0 0 0 0 0 0 1 0 0 0 1 0 1 0 0 0 1 1 1 1 1 1 0 1 0 0 1 0 0 0 
0 0 0 0 0 0 0 0 1 0 0 0 1 0 1 0 0 0 1 1 1 1 1 1 0 1 0 0 1 0 0 
0 0 0 0 0 0 0 0 0 1 0 0 0 1 0 1 0 0 0 1 1 1 1 1 1 0 1 0 0 1 0 
0 0 0 0 0 0 0 0 0 0 1 0 0 0 1 0 1 0 0 0 1 1 1 1 1 1 0 1 0 0 1 
1 0 0 0 0 0 0 0 0 0 0 1 0 0 0 1 0 1 0 0 0 1 1 1 1 1 1 0 1 0 0 
0 1 0 0 0 0 0 0 0 0 0 0 1 0 0 0 1 0 1 0 0 0 1 1 1 1 1 1 0 1 0 
0 0 1 0 0 0 0 0 0 0 0 0 0 1 0 0 0 1 0 1 0 0 0 1 1 1 1 1 1 0 1 
1 0 0 1 0 0 0 0 0 0 0 0 0 0 1 0 0 0 1 0 1 0 0 0 1 1 1 1 1 1 0 
0 1 0 0 1 0 0 0 0 0 0 0 0 0 0 1 0 0 0 1 0 1 0 0 0 1 1 1 1 1 1 
1 0 1 0 0 1 0 0 0 0 0 0 0 0 0 0 1 0 0 0 1 0 1 0 0 0 1 1 1 1 1 
1 1 0 1 0 0 1 0 0 0 0 0 0 0 0 0 0 1 0 0 0 1 0 1 0 0 0 1 1 1 1 
1 1 1 0 1 0 0 1 0 0 0 0 0 0 0 0 0 0 1 0 0 0 1 0 1 0 0 0 1 1 1 
1 1 1 1 0 1 0 0 1 0 0 0 0 0 0 0 0 0 0 1 0 0 0 1 0 1 0 0 0 1 1 
1 1 1 1 1 0 1 0 0 1 0 0 0 0 0 0 0 0 0 0 1 0 0 0 1 0 1 0 0 0 1 
n = 31
B = 12
[0,1,2,3,4,5,7,10,21,25,29,]
1 1 1 1 1 1 0 1 0 0 1 0 0 0 0 0 0 0 0 0 0 1 0 0 0 1 0 0 0 1 0 
0 1 1 1 1 1 1 0 1 0 0 1 0 0 0 0 0 0 0 0 0 0 1 0 0 0 1 0 0 0 1 
1 0 1 1 1 1 1 1 0 1 0 0 1 0 0 0 0 0 0 0 0 0 0 1 0 0 0 1 0 0 0 
0 1 0 1 1 1 1 1 1 0 1 0 0 1 0 0 0 0 0 0 0 0 0 0 1 0 0 0 1 0 0 
0 0 1 0 1 1 1 1 1 1 0 1 0 0 1 0 0 0 0 0 0 0 0 0 0 1 0 0 0 1 0 
0 0 0 1 0 1 1 1 1 1 1 0 1 0 0 1 0 0 0 0 0 0 0 0 0 0 1 0 0 0 1 
1 0 0 0 1 0 1 1 1 1 1 1 0 1 0 0 1 0 0 0 0 0 0 0 0 0 0 1 0 0 0 
0 1 0 0 0 1 0 1 1 1 1 1 1 0 1 0 0 1 0 0 0 0 0 0 0 0 0 0 1 0 0 
0 0 1 0 0 0 1 0 1 1 1 1 1 1 0 1 0 0 1 0 0 0 0 0 0 0 0 0 0 1 0 
0 0 0 1 0 0 0 1 0 1 1 1 1 1 1 0 1 0 0 1 0 0 0 0 0 0 0 0 0 0 1 
1 0 0 0 1 0 0 0 1 0 1 1 1 1 1 1 0 1 0 0 1 0 0 0 0 0 0 0 0 0 0 
0 1 0 0 0 1 0 0 0 1 0 1 1 1 1 1 1 0 1 0 0 1 0 0 0 0 0 0 0 0 0 
0 0 1 0 0 0 1 0 0 0 1 0 1 1 1 1 1 1 0 1 0 0 1 0 0 0 0 0 0 0 0 
0 0 0 1 0 0 0 1 0 0 0 1 0 1 1 1 1 1 1 0 1 0 0 1 0 0 0 0 0 0 0 
0 0 0 0 1 0 0 0 1 0 0 0 1 0 1 1 1 1 1 1 0 1 0 0 1 0 0 0 0 0 0 
0 0 0 0 0 1 0 0 0 1 0 0 0 1 0 1 1 1 1 1 1 0 1 0 0 1 0 0 0 0 0 
0 0 0 0 0 0 1 0 0 0 1 0 0 0 1 0 1 1 1 1 1 1 0 1 0 0 1 0 0 0 0 
0 0 0 0 0 0 0 1 0 0 0 1 0 0 0 1 0 1 1 1 1 1 1 0 1 0 0 1 0 0 0 
0 0 0 0 0 0 0 0 1 0 0 0 1 0 0 0 1 0 1 1 1 1 1 1 0 1 0 0 1 0 0 
0 0 0 0 0 0 0 0 0 1 0 0 0 1 0 0 0 1 0 1 1 1 1 1 1 0 1 0 0 1 0 
0 0 0 0 0 0 0 0 0 0 1 0 0 0 1 0 0 0 1 0 1 1 1 1 1 1 0 1 0 0 1 
1 0 0 0 0 0 0 0 0 0 0 1 0 0 0 1 0 0 0 1 0 1 1 1 1 1 1 0 1 0 0 
0 1 0 0 0 0 0 0 0 0 0 0 1 0 0 0 1 0 0 0 1 0 1 1 1 1 1 1 0 1 0 
0 0 1 0 0 0 0 0 0 0 0 0 0 1 0 0 0 1 0 0 0 1 0 1 1 1 1 1 1 0 1 
1 0 0 1 0 0 0 0 0 0 0 0 0 0 1 0 0 0 1 0 0 0 1 0 1 1 1 1 1 1 0 
0 1 0 0 1 0 0 0 0 0 0 0 0 0 0 1 0 0 0 1 0 0 0 1 0 1 1 1 1 1 1 
1 0 1 0 0 1 0 0 0 0 0 0 0 0 0 0 1 0 0 0 1 0 0 0 1 0 1 1 1 1 1 
1 1 0 1 0 0 1 0 0 0 0 0 0 0 0 0 0 1 0 0 0 1 0 0 0 1 0 1 1 1 1 
1 1 1 0 1 0 0 1 0 0 0 0 0 0 0 0 0 0 1 0 0 0 1 0 0 0 1 0 1 1 1 
1 1 1 1 0 1 0 0 1 0 0 0 0 0 0 0 0 0 0 1 0 0 0 1 0 0 0 1 0 1 1 
1 1 1 1 1 0 1 0 0 1 0 0 0 0 0 0 0 0 0 0 1 0 0 0 1 0 0 0 1 0 1 
