n = 28
B = 12
[0,1,2,3,4,5,6,10,15,19,21,]
1 1 1 1 1 1 1 0 0 0 1 0 0 0 0 1 0 0 0 1 0 1 0 0 0 0 0 0 
0 1 1 1 1 1 1 1 0 0 0 1 0 0 0 0 1 0 0 0 1 0 1 0 0 0 0 0 
0 0 1 1 1 1 1 1 1 0 0 0 1 0 0 0 0 1 0 0 0 1 0 1 0 0 0 0 
0 0 0 1 1 1 1 1 1 1 0 0 0 1 0 0 0 0 1 0 0 0 1 0 1 0 0 0 
0 0 0 0 1 1 1 1 1 1 1 0 0 0 1 0 0 0 0 1 0 0 0 1 0 1 0 0 
0 0 0 0 0 1 1 1 1 1 1 1 0 0 0 1 0 0 0 0 1 0 0 0 1 0 1 0 
0 0 0 0 0 0 1 1 1 1 1 1 1 0 0 0 1 0 0 0 0 1 0 0 0 1 0 1 
1 0 0 0 0 0 0 1 1 1 1 1 1 1 0 0 0 1 0 0 0 0 1 0 0 0 1 0 
0 1 0 0 0 0 0 0 1 1 1 1 1 1 1 0 0 0 1 0 0 0 0 1 0 0 0 1 
1 0 1 0 0 0 0 0 0 1 1 1 1 1 1 1 0 0 0 1 0 0 0 0 1 0 0 0 
0 1 0 1 0 0 0 0 0 0 1 1 1 1 1 1 1 0 0 0 1 0 0 0 0 1 0 0 
0 0 1 0 1 0 0 0 0 0 0 1 1 1 1 1 1 1 0 0 0 1 0 0 0 0 1 0 
0 0 0 1 0 1 0 0 0 0 0 0 1 1 1 1 1 1 1 0 0 0 1 0 0 0 0 1 
1 0 0 0 1 0 1 0 0 0 0 0 0 1 1 1 1 1 1 1 0 0 0 1 0 0 0 0 
0 1 0 0 0 1 0 1 0 0 0 0 0 0 1 1 1 1 1 1 1 0 0 0 1 0 0 0 
0 0 1 0 0 0 1 0 1 0 0 0 0 0 0 1 1 1 1 1 1 1 0 0 0 1 0 0 
0 0 0 1 0 0 0 1 0 1 0 0 0 0 0 0 1 1 1 1 1 1 1 0 0 0 1 0 
0 0 0 0 1 0 0 0 1 0 1 0 0 0 0 0 0 1 1 1 1 1 1 1 0 0 0 1 
1 0 0 0 0 1 0 0 0 1 0 1 0 0 0 0 0 0 1 1 1 1 1 1 1 0 0 0 
0 1 0 0 0 0 1 0 0 0 1 0 1 0 0 0 0 0 0 1 1 1 1 1 1 1 0 0 
0 0 1 0 0 0 0 1 0 0 0 1 0 1 0 0 0 0 0 0 1 1 1 1 1 1 1 0 
0 0 0 1 0 0 0 0 1 0 0 0 1 0 1 0 0 0 0 0 0 1 1 1 1 1 1 1 
1 0 0 0 1 0 0 0 0 1 0 0 0 1 0 1 0 0 0 0 0 0 1 1 1 1 1 1 
1 1 0 0 0 1 0 0 0 0 1 0 0 0 1 0 1 0 0 0 0 0 0 1 1 1 1 1 
1 1 1 0 0 0 1 0 0 0 0 1 0 0 0 1 0 1 0 0 0 0 0 0 1 1 1 1 
1 1 1 1 0 0 0 1 0 0 0 0 1 0 0 0 1 0 1 0 0 0 0 0 0 1 1 1 
1 1 1 1 1 0 0 0 1 0 0 0 0 1 0 0 0 1 0 1 0 0 0 0 0 0 1 1 
1 1 1 1 1 1 0 0 0 1 0 0 0 0 1 0 0 0 1 0 1 0 0 0 0 0 0 1 
n = 28
B = 12
[0,1,2,3,4,5,6,13,15,19,24,]
1 1 1 1 1 1 1 0 0 0 0 0 0 1 0 1 0 0 0 1 0 0 0 0 1 0 0 0 
0 1 1 1 1 1 1 1 0 0 0 0 0 0 1 0 1 0 0 0 1 0 0 0 0 1 0 0 
0 0 1 1 1 1 1 1 1 0 0 0 0 0 0 1 0 1 0 0 0 1 0 0 0 0 1 0 
0 0 0 1 1 1 1 1 1 1 0 0 0 0 0 0 1 0 1 0 0 0 1 0 0 0 0 1 
1 0 0 0 1 1 1 1 1 1 1 0 0 0 0 0 0 1 0 1 0 0 0 1 0 0 0 0 
0 1 0 0 0 1 1 1 1 1 1 1 0 0 0 0 0 0 1 0 1 0 0 0 1 0 0 0 
0 0 1 0 0 0 1 1 1 1 1 1 1 0 0 0 0 0 0 1 0 1 0 0 0 1 0 0 
0 0 0 1 0 0 0 1 1 1 1 1 1 1 0 0 0 0 0 0 1 0 1 0 0 0 1 0 
0 0 0 0 1 0 0 0 1 1 1 1 1 1 1 0 0 0 0 0 0 1 0 1 0 0 0 1 
1 0 0 0 0 1 0 0 0 1 1 1 1 1 1 1 0 0 0 0 0 0 1 0 1 0 0 0 
0 1 0 0 0 0 1 0 0 0 1 1 1 1 1 1 1 0 0 0 0 0 0 1 0 1 0 0 
0 0 1 0 0 0 0 1 0 0 0 1 1 1 1 1 1 1 0 0 0 0 0 0 1 0 1 0 
0 0 0 1 0 0 0 0 1 0 0 0 1 1 1 1 1 1 1 0 0 0 0 0 0 1 0 1 
1 0 0 0 1 0 0 0 0 1 0 0 0 1 1 1 1 1 1 1 0 0 0 0 0 0 1 0 
0 1 0 0 0 1 0 0 0 0 1 0 0 0 1 1 1 1 1 1 1 0 0 0 0 0 0 1 
1 0 1 0 0 0 1 0 0 0 0 1 0 0 0 1 1 1 1 1 1 1 0 0 0 0 0 0 
0 1 0 1 0 0 0 1 0 0 0 0 1 0 0 0 1 1 1 1 1 1 1 0 0 0 0 0 
0 0 1 0 1 0 0 0 1 0 0 0 0 1 0 0 0 1 1 1 1 1 1 1 0 0 0 0 
0 0 0 1 0 1 0 0 0 1 0 0 0 0 1 0 0 0 1 1 1 1 1 1 1 0 0 0 
0 0 0 0 1 0 1 0 0 0 1 0 0 0 0 1 0 0 0 1 1 1 1 1 1 1 0 0 
0 0 0 0 0 1 0 1 0 0 0 1 0 0 0 0 1 0 0 0 1 1 1 1 1 1 1 0 
0 0 0 0 0 0 1 0 1 0 0 0 1 0 0 0 0 1 0 0 0 1 1 1 1 1 1 1 
1 0 0 0 0 0 0 1 0 1 0 0 0 1 0 0 0 0 1 0 0 0 1 1 1 1 1 1 
1 1 0 0 0 0 0 0 1 0 1 0 0 0 1 0 0 0 0 1 0 0 0 1 1 1 1 1 
1 1 1 0 0 0 0 0 0 1 0 1 0 0 0 1 0 0 0 0 1 0 0 0 1 1 1 1 
1 1 1 1 0 0 0 0 0 0 1 0 1 0 0 0 1 0 0 0 0 1 0 0 0 1 1 1 
1 1 1 1 1 0 0 0 0 0 0 1 0 1 0 0 0 1 0 0 0 0 1 0 0 0 1 1 
1 1 1 1 1 1 0 0 0 0 0 0 1 0 1 0 0 0 1 0 0 0 0 1 0 0 0 1 
