n = 4
B = 4
[
[1,1,1,0],
[0,1,1,1],
[1,0,1,1],
[1,1,0,1]
]
n = 5
B = 4
[
[1,1,1,0,0],
[0,1,1,1,0],
[0,0,1,1,1],
[1,0,0,1,1],
[1,1,0,0,1]
]
n = 6
B = 4
[
[1,1,0,1,0,0],
[0,1,1,0,1,0],
[0,0,1,1,0,1],
[1,0,0,1,1,0],
[0,1,0,0,1,1],
[1,0,1,0,0,1]
]
n = 7
B = 4
[
[1,1,1,0,0,0,0],
[0,1,1,1,0,0,0],
[0,0,1,1,1,0,0],
[0,0,0,1,1,1,0],
[0,0,0,0,1,1,1],
[1,0,0,0,0,1,1],
[1,1,0,0,0,0,1]
]
n = 10
B = 6
[
[1,1,1,1,0,1,0,0,0,0],
[0,1,1,1,1,0,1,0,0,0],
[0,0,1,1,1,1,0,1,0,0],
[0,0,0,1,1,1,1,0,1,0],
[0,0,0,0,1,1,1,1,0,1],
[1,0,0,0,0,1,1,1,1,0],
[0,1,0,0,0,0,1,1,1,1],
[1,0,1,0,0,0,0,1,1,1],
[1,1,0,1,0,0,0,0,1,1],
[1,1,1,0,1,0,0,0,0,1]
]
n = 12
B = 8
[
[1,1,1,1,0,1,1,0,0,0,1,0],
[0,1,1,1,1,0,1,1,0,0,0,1],
[1,0,1,1,1,1,0,1,1,0,0,0],
[0,1,0,1,1,1,1,0,1,1,0,0],
[0,0,1,0,1,1,1,1,0,1,1,0],
[0,0,0,1,0,1,1,1,1,0,1,1],
[1,0,0,0,1,0,1,1,1,1,0,1],
[1,1,0,0,0,1,0,1,1,1,1,0],
[0,1,1,0,0,0,1,0,1,1,1,1],
[1,0,1,1,0,0,0,1,0,1,1,1],
[1,1,0,1,1,0,0,0,1,0,1,1],
[1,1,1,0,1,1,0,0,0,1,0,1]
]
n = 14
B = 8
[
[1,1,1,0,1,0,1,1,1,0,0,0,0,0],
[0,1,1,1,0,1,0,1,1,1,0,0,0,0],
[0,0,1,1,1,0,1,0,1,1,1,0,0,0],
[0,0,0,1,1,1,0,1,0,1,1,1,0,0],
[0,0,0,0,1,1,1,0,1,0,1,1,1,0],
[0,0,0,0,0,1,1,1,0,1,0,1,1,1],
[1,0,0,0,0,0,1,1,1,0,1,0,1,1],
[1,1,0,0,0,0,0,1,1,1,0,1,0,1],
[1,1,1,0,0,0,0,0,1,1,1,0,1,0],
[0,1,1,1,0,0,0,0,0,1,1,1,0,1],
[1,0,1,1,1,0,0,0,0,0,1,1,1,0],
[0,1,0,1,1,1,0,0,0,0,0,1,1,1],
[1,0,1,0,1,1,1,0,0,0,0,0,1,1],
[1,1,0,1,0,1,1,1,0,0,0,0,0,1]
]
n = 15
B = 8
[
[1,1,1,1,0,1,0,0,0,1,0,0,1,0,0],
[0,1,1,1,1,0,1,0,0,0,1,0,0,1,0],
[0,0,1,1,1,1,0,1,0,0,0,1,0,0,1],
[1,0,0,1,1,1,1,0,1,0,0,0,1,0,0],
[0,1,0,0,1,1,1,1,0,1,0,0,0,1,0],
[0,0,1,0,0,1,1,1,1,0,1,0,0,0,1],
[1,0,0,1,0,0,1,1,1,1,0,1,0,0,0],
[0,1,0,0,1,0,0,1,1,1,1,0,1,0,0],
[0,0,1,0,0,1,0,0,1,1,1,1,0,1,0],
[0,0,0,1,0,0,1,0,0,1,1,1,1,0,1],
[1,0,0,0,1,0,0,1,0,0,1,1,1,1,0],
[0,1,0,0,0,1,0,0,1,0,0,1,1,1,1],
[1,0,1,0,0,0,1,0,0,1,0,0,1,1,1],
[1,1,0,1,0,0,0,1,0,0,1,0,0,1,1],
[1,1,1,0,1,0,0,0,1,0,0,1,0,0,1]
]
n = 16
B = 8
[
[1,1,1,1,1,0,1,0,0,1,0,0,0,0,0,0],
[0,1,1,1,1,1,0,1,0,0,1,0,0,0,0,0],
[0,0,1,1,1,1,1,0,1,0,0,1,0,0,0,0],
[0,0,0,1,1,1,1,1,0,1,0,0,1,0,0,0],
[0,0,0,0,1,1,1,1,1,0,1,0,0,1,0,0],
[0,0,0,0,0,1,1,1,1,1,0,1,0,0,1,0],
[0,0,0,0,0,0,1,1,1,1,1,0,1,0,0,1],
[1,0,0,0,0,0,0,1,1,1,1,1,0,1,0,0],
[0,1,0,0,0,0,0,0,1,1,1,1,1,0,1,0],
[0,0,1,0,0,0,0,0,0,1,1,1,1,1,0,1],
[1,0,0,1,0,0,0,0,0,0,1,1,1,1,1,0],
[0,1,0,0,1,0,0,0,0,0,0,1,1,1,1,1],
[1,0,1,0,0,1,0,0,0,0,0,0,1,1,1,1],
[1,1,0,1,0,0,1,0,0,0,0,0,0,1,1,1],
[1,1,1,0,1,0,0,1,0,0,0,0,0,0,1,1],
[1,1,1,1,0,1,0,0,1,0,0,0,0,0,0,1]
]
n = 17
B = 8
[
[1,1,1,1,1,0,1,0,0,0,1,0,0,0,0,0,0],
[0,1,1,1,1,1,0,1,0,0,0,1,0,0,0,0,0],
[0,0,1,1,1,1,1,0,1,0,0,0,1,0,0,0,0],
[0,0,0,1,1,1,1,1,0,1,0,0,0,1,0,0,0],
[0,0,0,0,1,1,1,1,1,0,1,0,0,0,1,0,0],
[0,0,0,0,0,1,1,1,1,1,0,1,0,0,0,1,0],
[0,0,0,0,0,0,1,1,1,1,1,0,1,0,0,0,1],
[1,0,0,0,0,0,0,1,1,1,1,1,0,1,0,0,0],
[0,1,0,0,0,0,0,0,1,1,1,1,1,0,1,0,0],
[0,0,1,0,0,0,0,0,0,1,1,1,1,1,0,1,0],
[0,0,0,1,0,0,0,0,0,0,1,1,1,1,1,0,1],
[1,0,0,0,1,0,0,0,0,0,0,1,1,1,1,1,0],
[0,1,0,0,0,1,0,0,0,0,0,0,1,1,1,1,1],
[1,0,1,0,0,0,1,0,0,0,0,0,0,1,1,1,1],
[1,1,0,1,0,0,0,1,0,0,0,0,0,0,1,1,1],
[1,1,1,0,1,0,0,0,1,0,0,0,0,0,0,1,1],
[1,1,1,1,0,1,0,0,0,1,0,0,0,0,0,0,1]
]
n = 18
B = 8
[
[1,1,1,1,1,0,1,0,0,1,0,0,0,0,0,0,0,0],
[0,1,1,1,1,1,0,1,0,0,1,0,0,0,0,0,0,0],
[0,0,1,1,1,1,1,0,1,0,0,1,0,0,0,0,0,0],
[0,0,0,1,1,1,1,1,0,1,0,0,1,0,0,0,0,0],
[0,0,0,0,1,1,1,1,1,0,1,0,0,1,0,0,0,0],
[0,0,0,0,0,1,1,1,1,1,0,1,0,0,1,0,0,0],
[0,0,0,0,0,0,1,1,1,1,1,0,1,0,0,1,0,0],
[0,0,0,0,0,0,0,1,1,1,1,1,0,1,0,0,1,0],
[0,0,0,0,0,0,0,0,1,1,1,1,1,0,1,0,0,1],
[1,0,0,0,0,0,0,0,0,1,1,1,1,1,0,1,0,0],
[0,1,0,0,0,0,0,0,0,0,1,1,1,1,1,0,1,0],
[0,0,1,0,0,0,0,0,0,0,0,1,1,1,1,1,0,1],
[1,0,0,1,0,0,0,0,0,0,0,0,1,1,1,1,1,0],
[0,1,0,0,1,0,0,0,0,0,0,0,0,1,1,1,1,1],
[1,0,1,0,0,1,0,0,0,0,0,0,0,0,1,1,1,1],
[1,1,0,1,0,0,1,0,0,0,0,0,0,0,0,1,1,1],
[1,1,1,0,1,0,0,1,0,0,0,0,0,0,0,0,1,1],
[1,1,1,1,0,1,0,0,1,0,0,0,0,0,0,0,0,1]
]
