n = 4
B = 4
0 1 2 
1 1 1 0 
0 1 1 1 
1 0 1 1 
1 1 0 1 
n = 5
B = 4
0 1 2 
1 1 1 0 0 
0 1 1 1 0 
0 0 1 1 1 
1 0 0 1 1 
1 1 0 0 1 
n = 6
B = 4
0 1 3 
1 1 0 1 0 0 
0 1 1 0 1 0 
0 0 1 1 0 1 
1 0 0 1 1 0 
0 1 0 0 1 1 
1 0 1 0 0 1 
n = 7
B = 4
0 1 2 
1 1 1 0 0 0 0 
0 1 1 1 0 0 0 
0 0 1 1 1 0 0 
0 0 0 1 1 1 0 
0 0 0 0 1 1 1 
1 0 0 0 0 1 1 
1 1 0 0 0 0 1 
n = 8
B = 4
0 1 2 
1 1 1 0 0 0 0 0 
0 1 1 1 0 0 0 0 
0 0 1 1 1 0 0 0 
0 0 0 1 1 1 0 0 
0 0 0 0 1 1 1 0 
0 0 0 0 0 1 1 1 
1 0 0 0 0 0 1 1 
1 1 0 0 0 0 0 1 
n = 9
B = 4
0 1 3 
1 1 0 1 0 0 0 0 0 
0 1 1 0 1 0 0 0 0 
0 0 1 1 0 1 0 0 0 
0 0 0 1 1 0 1 0 0 
0 0 0 0 1 1 0 1 0 
0 0 0 0 0 1 1 0 1 
1 0 0 0 0 0 1 1 0 
0 1 0 0 0 0 0 1 1 
1 0 1 0 0 0 0 0 1 
n = 10
B = 6
0 1 2 3 5 
1 1 1 1 0 1 0 0 0 0 
0 1 1 1 1 0 1 0 0 0 
0 0 1 1 1 1 0 1 0 0 
0 0 0 1 1 1 1 0 1 0 
0 0 0 0 1 1 1 1 0 1 
1 0 0 0 0 1 1 1 1 0 
0 1 0 0 0 0 1 1 1 1 
1 0 1 0 0 0 0 1 1 1 
1 1 0 1 0 0 0 0 1 1 
1 1 1 0 1 0 0 0 0 1 
n = 11
B = 6
0 1 2 3 5 
1 1 1 1 0 1 0 0 0 0 0 
0 1 1 1 1 0 1 0 0 0 0 
0 0 1 1 1 1 0 1 0 0 0 
0 0 0 1 1 1 1 0 1 0 0 
0 0 0 0 1 1 1 1 0 1 0 
0 0 0 0 0 1 1 1 1 0 1 
1 0 0 0 0 0 1 1 1 1 0 
0 1 0 0 0 0 0 1 1 1 1 
1 0 1 0 0 0 0 0 1 1 1 
1 1 0 1 0 0 0 0 0 1 1 
1 1 1 0 1 0 0 0 0 0 1 
n = 12
B = 8
0 1 2 3 5 6 10 
1 1 1 1 0 1 1 0 0 0 1 0 
0 1 1 1 1 0 1 1 0 0 0 1 
1 0 1 1 1 1 0 1 1 0 0 0 
0 1 0 1 1 1 1 0 1 1 0 0 
0 0 1 0 1 1 1 1 0 1 1 0 
0 0 0 1 0 1 1 1 1 0 1 1 
1 0 0 0 1 0 1 1 1 1 0 1 
1 1 0 0 0 1 0 1 1 1 1 0 
0 1 1 0 0 0 1 0 1 1 1 1 
1 0 1 1 0 0 0 1 0 1 1 1 
1 1 0 1 1 0 0 0 1 0 1 1 
1 1 1 0 1 1 0 0 0 1 0 1 
n = 13
B = 6
0 1 2 3 5 
1 1 1 1 0 1 0 0 0 0 0 0 0 
0 1 1 1 1 0 1 0 0 0 0 0 0 
0 0 1 1 1 1 0 1 0 0 0 0 0 
0 0 0 1 1 1 1 0 1 0 0 0 0 
0 0 0 0 1 1 1 1 0 1 0 0 0 
0 0 0 0 0 1 1 1 1 0 1 0 0 
0 0 0 0 0 0 1 1 1 1 0 1 0 
0 0 0 0 0 0 0 1 1 1 1 0 1 
1 0 0 0 0 0 0 0 1 1 1 1 0 
0 1 0 0 0 0 0 0 0 1 1 1 1 
1 0 1 0 0 0 0 0 0 0 1 1 1 
1 1 0 1 0 0 0 0 0 0 0 1 1 
1 1 1 0 1 0 0 0 0 0 0 0 1 
n = 14
B = 8
0 1 2 4 6 7 8 
1 1 1 0 1 0 1 1 1 0 0 0 0 0 
0 1 1 1 0 1 0 1 1 1 0 0 0 0 
0 0 1 1 1 0 1 0 1 1 1 0 0 0 
0 0 0 1 1 1 0 1 0 1 1 1 0 0 
0 0 0 0 1 1 1 0 1 0 1 1 1 0 
0 0 0 0 0 1 1 1 0 1 0 1 1 1 
1 0 0 0 0 0 1 1 1 0 1 0 1 1 
1 1 0 0 0 0 0 1 1 1 0 1 0 1 
1 1 1 0 0 0 0 0 1 1 1 0 1 0 
0 1 1 1 0 0 0 0 0 1 1 1 0 1 
1 0 1 1 1 0 0 0 0 0 1 1 1 0 
0 1 0 1 1 1 0 0 0 0 0 1 1 1 
1 0 1 0 1 1 1 0 0 0 0 0 1 1 
1 1 0 1 0 1 1 1 0 0 0 0 0 1 
n = 15
B = 8
0 1 2 3 5 9 12 
1 1 1 1 0 1 0 0 0 1 0 0 1 0 0 
0 1 1 1 1 0 1 0 0 0 1 0 0 1 0 
0 0 1 1 1 1 0 1 0 0 0 1 0 0 1 
1 0 0 1 1 1 1 0 1 0 0 0 1 0 0 
0 1 0 0 1 1 1 1 0 1 0 0 0 1 0 
0 0 1 0 0 1 1 1 1 0 1 0 0 0 1 
1 0 0 1 0 0 1 1 1 1 0 1 0 0 0 
0 1 0 0 1 0 0 1 1 1 1 0 1 0 0 
0 0 1 0 0 1 0 0 1 1 1 1 0 1 0 
0 0 0 1 0 0 1 0 0 1 1 1 1 0 1 
1 0 0 0 1 0 0 1 0 0 1 1 1 1 0 
0 1 0 0 0 1 0 0 1 0 0 1 1 1 1 
1 0 1 0 0 0 1 0 0 1 0 0 1 1 1 
1 1 0 1 0 0 0 1 0 0 1 0 0 1 1 
1 1 1 0 1 0 0 0 1 0 0 1 0 0 1 
n = 16
B = 8
0 1 2 3 4 6 9 
1 1 1 1 1 0 1 0 0 1 0 0 0 0 0 0 
0 1 1 1 1 1 0 1 0 0 1 0 0 0 0 0 
0 0 1 1 1 1 1 0 1 0 0 1 0 0 0 0 
0 0 0 1 1 1 1 1 0 1 0 0 1 0 0 0 
0 0 0 0 1 1 1 1 1 0 1 0 0 1 0 0 
0 0 0 0 0 1 1 1 1 1 0 1 0 0 1 0 
0 0 0 0 0 0 1 1 1 1 1 0 1 0 0 1 
1 0 0 0 0 0 0 1 1 1 1 1 0 1 0 0 
0 1 0 0 0 0 0 0 1 1 1 1 1 0 1 0 
0 0 1 0 0 0 0 0 0 1 1 1 1 1 0 1 
1 0 0 1 0 0 0 0 0 0 1 1 1 1 1 0 
0 1 0 0 1 0 0 0 0 0 0 1 1 1 1 1 
1 0 1 0 0 1 0 0 0 0 0 0 1 1 1 1 
1 1 0 1 0 0 1 0 0 0 0 0 0 1 1 1 
1 1 1 0 1 0 0 1 0 0 0 0 0 0 1 1 
1 1 1 1 0 1 0 0 1 0 0 0 0 0 0 1 
n = 17
B = 8
0 1 2 3 4 6 10 
1 1 1 1 1 0 1 0 0 0 1 0 0 0 0 0 0 
0 1 1 1 1 1 0 1 0 0 0 1 0 0 0 0 0 
0 0 1 1 1 1 1 0 1 0 0 0 1 0 0 0 0 
0 0 0 1 1 1 1 1 0 1 0 0 0 1 0 0 0 
0 0 0 0 1 1 1 1 1 0 1 0 0 0 1 0 0 
0 0 0 0 0 1 1 1 1 1 0 1 0 0 0 1 0 
0 0 0 0 0 0 1 1 1 1 1 0 1 0 0 0 1 
1 0 0 0 0 0 0 1 1 1 1 1 0 1 0 0 0 
0 1 0 0 0 0 0 0 1 1 1 1 1 0 1 0 0 
0 0 1 0 0 0 0 0 0 1 1 1 1 1 0 1 0 
0 0 0 1 0 0 0 0 0 0 1 1 1 1 1 0 1 
1 0 0 0 1 0 0 0 0 0 0 1 1 1 1 1 0 
0 1 0 0 0 1 0 0 0 0 0 0 1 1 1 1 1 
1 0 1 0 0 0 1 0 0 0 0 0 0 1 1 1 1 
1 1 0 1 0 0 0 1 0 0 0 0 0 0 1 1 1 
1 1 1 0 1 0 0 0 1 0 0 0 0 0 0 1 1 
1 1 1 1 0 1 0 0 0 1 0 0 0 0 0 0 1 
n = 18
B = 8
0 1 2 3 4 6 9 
1 1 1 1 1 0 1 0 0 1 0 0 0 0 0 0 0 0 
0 1 1 1 1 1 0 1 0 0 1 0 0 0 0 0 0 0 
0 0 1 1 1 1 1 0 1 0 0 1 0 0 0 0 0 0 
0 0 0 1 1 1 1 1 0 1 0 0 1 0 0 0 0 0 
0 0 0 0 1 1 1 1 1 0 1 0 0 1 0 0 0 0 
0 0 0 0 0 1 1 1 1 1 0 1 0 0 1 0 0 0 
0 0 0 0 0 0 1 1 1 1 1 0 1 0 0 1 0 0 
0 0 0 0 0 0 0 1 1 1 1 1 0 1 0 0 1 0 
0 0 0 0 0 0 0 0 1 1 1 1 1 0 1 0 0 1 
1 0 0 0 0 0 0 0 0 1 1 1 1 1 0 1 0 0 
0 1 0 0 0 0 0 0 0 0 1 1 1 1 1 0 1 0 
0 0 1 0 0 0 0 0 0 0 0 1 1 1 1 1 0 1 
1 0 0 1 0 0 0 0 0 0 0 0 1 1 1 1 1 0 
0 1 0 0 1 0 0 0 0 0 0 0 0 1 1 1 1 1 
1 0 1 0 0 1 0 0 0 0 0 0 0 0 1 1 1 1 
1 1 0 1 0 0 1 0 0 0 0 0 0 0 0 1 1 1 
1 1 1 0 1 0 0 1 0 0 0 0 0 0 0 0 1 1 
1 1 1 1 0 1 0 0 1 0 0 0 0 0 0 0 0 1 
n = 19
B = 8
0 1 2 3 4 6 9 
1 1 1 1 1 0 1 0 0 1 0 0 0 0 0 0 0 0 0 
0 1 1 1 1 1 0 1 0 0 1 0 0 0 0 0 0 0 0 
0 0 1 1 1 1 1 0 1 0 0 1 0 0 0 0 0 0 0 
0 0 0 1 1 1 1 1 0 1 0 0 1 0 0 0 0 0 0 
0 0 0 0 1 1 1 1 1 0 1 0 0 1 0 0 0 0 0 
0 0 0 0 0 1 1 1 1 1 0 1 0 0 1 0 0 0 0 
0 0 0 0 0 0 1 1 1 1 1 0 1 0 0 1 0 0 0 
0 0 0 0 0 0 0 1 1 1 1 1 0 1 0 0 1 0 0 
0 0 0 0 0 0 0 0 1 1 1 1 1 0 1 0 0 1 0 
0 0 0 0 0 0 0 0 0 1 1 1 1 1 0 1 0 0 1 
1 0 0 0 0 0 0 0 0 0 1 1 1 1 1 0 1 0 0 
0 1 0 0 0 0 0 0 0 0 0 1 1 1 1 1 0 1 0 
0 0 1 0 0 0 0 0 0 0 0 0 1 1 1 1 1 0 1 
1 0 0 1 0 0 0 0 0 0 0 0 0 1 1 1 1 1 0 
0 1 0 0 1 0 0 0 0 0 0 0 0 0 1 1 1 1 1 
1 0 1 0 0 1 0 0 0 0 0 0 0 0 0 1 1 1 1 
1 1 0 1 0 0 1 0 0 0 0 0 0 0 0 0 1 1 1 
1 1 1 0 1 0 0 1 0 0 0 0 0 0 0 0 0 1 1 
1 1 1 1 0 1 0 0 1 0 0 0 0 0 0 0 0 0 1 
n = 20
B = 8
0 1 2 3 4 6 9 
1 1 1 1 1 0 1 0 0 1 0 0 0 0 0 0 0 0 0 0 
0 1 1 1 1 1 0 1 0 0 1 0 0 0 0 0 0 0 0 0 
0 0 1 1 1 1 1 0 1 0 0 1 0 0 0 0 0 0 0 0 
0 0 0 1 1 1 1 1 0 1 0 0 1 0 0 0 0 0 0 0 
0 0 0 0 1 1 1 1 1 0 1 0 0 1 0 0 0 0 0 0 
0 0 0 0 0 1 1 1 1 1 0 1 0 0 1 0 0 0 0 0 
0 0 0 0 0 0 1 1 1 1 1 0 1 0 0 1 0 0 0 0 
0 0 0 0 0 0 0 1 1 1 1 1 0 1 0 0 1 0 0 0 
0 0 0 0 0 0 0 0 1 1 1 1 1 0 1 0 0 1 0 0 
0 0 0 0 0 0 0 0 0 1 1 1 1 1 0 1 0 0 1 0 
0 0 0 0 0 0 0 0 0 0 1 1 1 1 1 0 1 0 0 1 
1 0 0 0 0 0 0 0 0 0 0 1 1 1 1 1 0 1 0 0 
0 1 0 0 0 0 0 0 0 0 0 0 1 1 1 1 1 0 1 0 
0 0 1 0 0 0 0 0 0 0 0 0 0 1 1 1 1 1 0 1 
1 0 0 1 0 0 0 0 0 0 0 0 0 0 1 1 1 1 1 0 
0 1 0 0 1 0 0 0 0 0 0 0 0 0 0 1 1 1 1 1 
1 0 1 0 0 1 0 0 0 0 0 0 0 0 0 0 1 1 1 1 
1 1 0 1 0 0 1 0 0 0 0 0 0 0 0 0 0 1 1 1 
1 1 1 0 1 0 0 1 0 0 0 0 0 0 0 0 0 0 1 1 
1 1 1 1 0 1 0 0 1 0 0 0 0 0 0 0 0 0 0 1 
n = 21
B = 10
0 1 2 3 5 6 15 16 19 
1 1 1 1 0 1 1 0 0 0 0 0 0 0 0 1 1 0 0 1 0 
0 1 1 1 1 0 1 1 0 0 0 0 0 0 0 0 1 1 0 0 1 
1 0 1 1 1 1 0 1 1 0 0 0 0 0 0 0 0 1 1 0 0 
0 1 0 1 1 1 1 0 1 1 0 0 0 0 0 0 0 0 1 1 0 
0 0 1 0 1 1 1 1 0 1 1 0 0 0 0 0 0 0 0 1 1 
1 0 0 1 0 1 1 1 1 0 1 1 0 0 0 0 0 0 0 0 1 
1 1 0 0 1 0 1 1 1 1 0 1 1 0 0 0 0 0 0 0 0 
0 1 1 0 0 1 0 1 1 1 1 0 1 1 0 0 0 0 0 0 0 
0 0 1 1 0 0 1 0 1 1 1 1 0 1 1 0 0 0 0 0 0 
0 0 0 1 1 0 0 1 0 1 1 1 1 0 1 1 0 0 0 0 0 
0 0 0 0 1 1 0 0 1 0 1 1 1 1 0 1 1 0 0 0 0 
0 0 0 0 0 1 1 0 0 1 0 1 1 1 1 0 1 1 0 0 0 
0 0 0 0 0 0 1 1 0 0 1 0 1 1 1 1 0 1 1 0 0 
0 0 0 0 0 0 0 1 1 0 0 1 0 1 1 1 1 0 1 1 0 
0 0 0 0 0 0 0 0 1 1 0 0 1 0 1 1 1 1 0 1 1 
1 0 0 0 0 0 0 0 0 1 1 0 0 1 0 1 1 1 1 0 1 
1 1 0 0 0 0 0 0 0 0 1 1 0 0 1 0 1 1 1 1 0 
0 1 1 0 0 0 0 0 0 0 0 1 1 0 0 1 0 1 1 1 1 
1 0 1 1 0 0 0 0 0 0 0 0 1 1 0 0 1 0 1 1 1 
1 1 0 1 1 0 0 0 0 0 0 0 0 1 1 0 0 1 0 1 1 
1 1 1 0 1 1 0 0 0 0 0 0 0 0 1 1 0 0 1 0 1 
n = 22
B = 10
0 1 2 3 4 5 9 11 14 
1 1 1 1 1 1 0 0 0 1 0 1 0 0 1 0 0 0 0 0 0 0 
0 1 1 1 1 1 1 0 0 0 1 0 1 0 0 1 0 0 0 0 0 0 
0 0 1 1 1 1 1 1 0 0 0 1 0 1 0 0 1 0 0 0 0 0 
0 0 0 1 1 1 1 1 1 0 0 0 1 0 1 0 0 1 0 0 0 0 
0 0 0 0 1 1 1 1 1 1 0 0 0 1 0 1 0 0 1 0 0 0 
0 0 0 0 0 1 1 1 1 1 1 0 0 0 1 0 1 0 0 1 0 0 
0 0 0 0 0 0 1 1 1 1 1 1 0 0 0 1 0 1 0 0 1 0 
0 0 0 0 0 0 0 1 1 1 1 1 1 0 0 0 1 0 1 0 0 1 
1 0 0 0 0 0 0 0 1 1 1 1 1 1 0 0 0 1 0 1 0 0 
0 1 0 0 0 0 0 0 0 1 1 1 1 1 1 0 0 0 1 0 1 0 
0 0 1 0 0 0 0 0 0 0 1 1 1 1 1 1 0 0 0 1 0 1 
1 0 0 1 0 0 0 0 0 0 0 1 1 1 1 1 1 0 0 0 1 0 
0 1 0 0 1 0 0 0 0 0 0 0 1 1 1 1 1 1 0 0 0 1 
1 0 1 0 0 1 0 0 0 0 0 0 0 1 1 1 1 1 1 0 0 0 
0 1 0 1 0 0 1 0 0 0 0 0 0 0 1 1 1 1 1 1 0 0 
0 0 1 0 1 0 0 1 0 0 0 0 0 0 0 1 1 1 1 1 1 0 
0 0 0 1 0 1 0 0 1 0 0 0 0 0 0 0 1 1 1 1 1 1 
1 0 0 0 1 0 1 0 0 1 0 0 0 0 0 0 0 1 1 1 1 1 
1 1 0 0 0 1 0 1 0 0 1 0 0 0 0 0 0 0 1 1 1 1 
1 1 1 0 0 0 1 0 1 0 0 1 0 0 0 0 0 0 0 1 1 1 
1 1 1 1 0 0 0 1 0 1 0 0 1 0 0 0 0 0 0 0 1 1 
1 1 1 1 1 0 0 0 1 0 1 0 0 1 0 0 0 0 0 0 0 1 
n = 23
B = 10
0 1 2 3 4 5 7 11 16 
1 1 1 1 1 1 0 1 0 0 0 1 0 0 0 0 1 0 0 0 0 0 0 
0 1 1 1 1 1 1 0 1 0 0 0 1 0 0 0 0 1 0 0 0 0 0 
0 0 1 1 1 1 1 1 0 1 0 0 0 1 0 0 0 0 1 0 0 0 0 
0 0 0 1 1 1 1 1 1 0 1 0 0 0 1 0 0 0 0 1 0 0 0 
0 0 0 0 1 1 1 1 1 1 0 1 0 0 0 1 0 0 0 0 1 0 0 
0 0 0 0 0 1 1 1 1 1 1 0 1 0 0 0 1 0 0 0 0 1 0 
0 0 0 0 0 0 1 1 1 1 1 1 0 1 0 0 0 1 0 0 0 0 1 
1 0 0 0 0 0 0 1 1 1 1 1 1 0 1 0 0 0 1 0 0 0 0 
0 1 0 0 0 0 0 0 1 1 1 1 1 1 0 1 0 0 0 1 0 0 0 
0 0 1 0 0 0 0 0 0 1 1 1 1 1 1 0 1 0 0 0 1 0 0 
0 0 0 1 0 0 0 0 0 0 1 1 1 1 1 1 0 1 0 0 0 1 0 
0 0 0 0 1 0 0 0 0 0 0 1 1 1 1 1 1 0 1 0 0 0 1 
1 0 0 0 0 1 0 0 0 0 0 0 1 1 1 1 1 1 0 1 0 0 0 
0 1 0 0 0 0 1 0 0 0 0 0 0 1 1 1 1 1 1 0 1 0 0 
0 0 1 0 0 0 0 1 0 0 0 0 0 0 1 1 1 1 1 1 0 1 0 
0 0 0 1 0 0 0 0 1 0 0 0 0 0 0 1 1 1 1 1 1 0 1 
1 0 0 0 1 0 0 0 0 1 0 0 0 0 0 0 1 1 1 1 1 1 0 
0 1 0 0 0 1 0 0 0 0 1 0 0 0 0 0 0 1 1 1 1 1 1 
1 0 1 0 0 0 1 0 0 0 0 1 0 0 0 0 0 0 1 1 1 1 1 
1 1 0 1 0 0 0 1 0 0 0 0 1 0 0 0 0 0 0 1 1 1 1 
1 1 1 0 1 0 0 0 1 0 0 0 0 1 0 0 0 0 0 0 1 1 1 
1 1 1 1 0 1 0 0 0 1 0 0 0 0 1 0 0 0 0 0 0 1 1 
1 1 1 1 1 0 1 0 0 0 1 0 0 0 0 1 0 0 0 0 0 0 1 
n = 24
B = 10
0 1 2 3 4 5 7 10 19 
1 1 1 1 1 1 0 1 0 0 1 0 0 0 0 0 0 0 0 1 0 0 0 0 
0 1 1 1 1 1 1 0 1 0 0 1 0 0 0 0 0 0 0 0 1 0 0 0 
0 0 1 1 1 1 1 1 0 1 0 0 1 0 0 0 0 0 0 0 0 1 0 0 
0 0 0 1 1 1 1 1 1 0 1 0 0 1 0 0 0 0 0 0 0 0 1 0 
0 0 0 0 1 1 1 1 1 1 0 1 0 0 1 0 0 0 0 0 0 0 0 1 
1 0 0 0 0 1 1 1 1 1 1 0 1 0 0 1 0 0 0 0 0 0 0 0 
0 1 0 0 0 0 1 1 1 1 1 1 0 1 0 0 1 0 0 0 0 0 0 0 
0 0 1 0 0 0 0 1 1 1 1 1 1 0 1 0 0 1 0 0 0 0 0 0 
0 0 0 1 0 0 0 0 1 1 1 1 1 1 0 1 0 0 1 0 0 0 0 0 
0 0 0 0 1 0 0 0 0 1 1 1 1 1 1 0 1 0 0 1 0 0 0 0 
0 0 0 0 0 1 0 0 0 0 1 1 1 1 1 1 0 1 0 0 1 0 0 0 
0 0 0 0 0 0 1 0 0 0 0 1 1 1 1 1 1 0 1 0 0 1 0 0 
0 0 0 0 0 0 0 1 0 0 0 0 1 1 1 1 1 1 0 1 0 0 1 0 
0 0 0 0 0 0 0 0 1 0 0 0 0 1 1 1 1 1 1 0 1 0 0 1 
1 0 0 0 0 0 0 0 0 1 0 0 0 0 1 1 1 1 1 1 0 1 0 0 
0 1 0 0 0 0 0 0 0 0 1 0 0 0 0 1 1 1 1 1 1 0 1 0 
0 0 1 0 0 0 0 0 0 0 0 1 0 0 0 0 1 1 1 1 1 1 0 1 
1 0 0 1 0 0 0 0 0 0 0 0 1 0 0 0 0 1 1 1 1 1 1 0 
0 1 0 0 1 0 0 0 0 0 0 0 0 1 0 0 0 0 1 1 1 1 1 1 
1 0 1 0 0 1 0 0 0 0 0 0 0 0 1 0 0 0 0 1 1 1 1 1 
1 1 0 1 0 0 1 0 0 0 0 0 0 0 0 1 0 0 0 0 1 1 1 1 
1 1 1 0 1 0 0 1 0 0 0 0 0 0 0 0 1 0 0 0 0 1 1 1 
1 1 1 1 0 1 0 0 1 0 0 0 0 0 0 0 0 1 0 0 0 0 1 1 
1 1 1 1 1 0 1 0 0 1 0 0 0 0 0 0 0 0 1 0 0 0 0 1 
n = 25
B = 10
0 1 2 3 4 5 7 10 14 
1 1 1 1 1 1 0 1 0 0 1 0 0 0 1 0 0 0 0 0 0 0 0 0 0 
0 1 1 1 1 1 1 0 1 0 0 1 0 0 0 1 0 0 0 0 0 0 0 0 0 
0 0 1 1 1 1 1 1 0 1 0 0 1 0 0 0 1 0 0 0 0 0 0 0 0 
0 0 0 1 1 1 1 1 1 0 1 0 0 1 0 0 0 1 0 0 0 0 0 0 0 
0 0 0 0 1 1 1 1 1 1 0 1 0 0 1 0 0 0 1 0 0 0 0 0 0 
0 0 0 0 0 1 1 1 1 1 1 0 1 0 0 1 0 0 0 1 0 0 0 0 0 
0 0 0 0 0 0 1 1 1 1 1 1 0 1 0 0 1 0 0 0 1 0 0 0 0 
0 0 0 0 0 0 0 1 1 1 1 1 1 0 1 0 0 1 0 0 0 1 0 0 0 
0 0 0 0 0 0 0 0 1 1 1 1 1 1 0 1 0 0 1 0 0 0 1 0 0 
0 0 0 0 0 0 0 0 0 1 1 1 1 1 1 0 1 0 0 1 0 0 0 1 0 
0 0 0 0 0 0 0 0 0 0 1 1 1 1 1 1 0 1 0 0 1 0 0 0 1 
1 0 0 0 0 0 0 0 0 0 0 1 1 1 1 1 1 0 1 0 0 1 0 0 0 
0 1 0 0 0 0 0 0 0 0 0 0 1 1 1 1 1 1 0 1 0 0 1 0 0 
0 0 1 0 0 0 0 0 0 0 0 0 0 1 1 1 1 1 1 0 1 0 0 1 0 
0 0 0 1 0 0 0 0 0 0 0 0 0 0 1 1 1 1 1 1 0 1 0 0 1 
1 0 0 0 1 0 0 0 0 0 0 0 0 0 0 1 1 1 1 1 1 0 1 0 0 
0 1 0 0 0 1 0 0 0 0 0 0 0 0 0 0 1 1 1 1 1 1 0 1 0 
0 0 1 0 0 0 1 0 0 0 0 0 0 0 0 0 0 1 1 1 1 1 1 0 1 
1 0 0 1 0 0 0 1 0 0 0 0 0 0 0 0 0 0 1 1 1 1 1 1 0 
0 1 0 0 1 0 0 0 1 0 0 0 0 0 0 0 0 0 0 1 1 1 1 1 1 
1 0 1 0 0 1 0 0 0 1 0 0 0 0 0 0 0 0 0 0 1 1 1 1 1 
1 1 0 1 0 0 1 0 0 0 1 0 0 0 0 0 0 0 0 0 0 1 1 1 1 
1 1 1 0 1 0 0 1 0 0 0 1 0 0 0 0 0 0 0 0 0 0 1 1 1 
1 1 1 1 0 1 0 0 1 0 0 0 1 0 0 0 0 0 0 0 0 0 0 1 1 
1 1 1 1 1 0 1 0 0 1 0 0 0 1 0 0 0 0 0 0 0 0 0 0 1 
n = 26
B = 10
0 1 2 3 4 5 7 10 14 
1 1 1 1 1 1 0 1 0 0 1 0 0 0 1 0 0 0 0 0 0 0 0 0 0 0 
0 1 1 1 1 1 1 0 1 0 0 1 0 0 0 1 0 0 0 0 0 0 0 0 0 0 
0 0 1 1 1 1 1 1 0 1 0 0 1 0 0 0 1 0 0 0 0 0 0 0 0 0 
0 0 0 1 1 1 1 1 1 0 1 0 0 1 0 0 0 1 0 0 0 0 0 0 0 0 
0 0 0 0 1 1 1 1 1 1 0 1 0 0 1 0 0 0 1 0 0 0 0 0 0 0 
0 0 0 0 0 1 1 1 1 1 1 0 1 0 0 1 0 0 0 1 0 0 0 0 0 0 
0 0 0 0 0 0 1 1 1 1 1 1 0 1 0 0 1 0 0 0 1 0 0 0 0 0 
0 0 0 0 0 0 0 1 1 1 1 1 1 0 1 0 0 1 0 0 0 1 0 0 0 0 
0 0 0 0 0 0 0 0 1 1 1 1 1 1 0 1 0 0 1 0 0 0 1 0 0 0 
0 0 0 0 0 0 0 0 0 1 1 1 1 1 1 0 1 0 0 1 0 0 0 1 0 0 
0 0 0 0 0 0 0 0 0 0 1 1 1 1 1 1 0 1 0 0 1 0 0 0 1 0 
0 0 0 0 0 0 0 0 0 0 0 1 1 1 1 1 1 0 1 0 0 1 0 0 0 1 
1 0 0 0 0 0 0 0 0 0 0 0 1 1 1 1 1 1 0 1 0 0 1 0 0 0 
0 1 0 0 0 0 0 0 0 0 0 0 0 1 1 1 1 1 1 0 1 0 0 1 0 0 
0 0 1 0 0 0 0 0 0 0 0 0 0 0 1 1 1 1 1 1 0 1 0 0 1 0 
0 0 0 1 0 0 0 0 0 0 0 0 0 0 0 1 1 1 1 1 1 0 1 0 0 1 
1 0 0 0 1 0 0 0 0 0 0 0 0 0 0 0 1 1 1 1 1 1 0 1 0 0 
0 1 0 0 0 1 0 0 0 0 0 0 0 0 0 0 0 1 1 1 1 1 1 0 1 0 
0 0 1 0 0 0 1 0 0 0 0 0 0 0 0 0 0 0 1 1 1 1 1 1 0 1 
1 0 0 1 0 0 0 1 0 0 0 0 0 0 0 0 0 0 0 1 1 1 1 1 1 0 
0 1 0 0 1 0 0 0 1 0 0 0 0 0 0 0 0 0 0 0 1 1 1 1 1 1 
1 0 1 0 0 1 0 0 0 1 0 0 0 0 0 0 0 0 0 0 0 1 1 1 1 1 
1 1 0 1 0 0 1 0 0 0 1 0 0 0 0 0 0 0 0 0 0 0 1 1 1 1 
1 1 1 0 1 0 0 1 0 0 0 1 0 0 0 0 0 0 0 0 0 0 0 1 1 1 
1 1 1 1 0 1 0 0 1 0 0 0 1 0 0 0 0 0 0 0 0 0 0 0 1 1 
1 1 1 1 1 0 1 0 0 1 0 0 0 1 0 0 0 0 0 0 0 0 0 0 0 1 
n = 27
B = 10
0 1 2 3 4 5 7 10 17 
1 1 1 1 1 1 0 1 0 0 1 0 0 0 0 0 0 1 0 0 0 0 0 0 0 0 0 
0 1 1 1 1 1 1 0 1 0 0 1 0 0 0 0 0 0 1 0 0 0 0 0 0 0 0 
0 0 1 1 1 1 1 1 0 1 0 0 1 0 0 0 0 0 0 1 0 0 0 0 0 0 0 
0 0 0 1 1 1 1 1 1 0 1 0 0 1 0 0 0 0 0 0 1 0 0 0 0 0 0 
0 0 0 0 1 1 1 1 1 1 0 1 0 0 1 0 0 0 0 0 0 1 0 0 0 0 0 
0 0 0 0 0 1 1 1 1 1 1 0 1 0 0 1 0 0 0 0 0 0 1 0 0 0 0 
0 0 0 0 0 0 1 1 1 1 1 1 0 1 0 0 1 0 0 0 0 0 0 1 0 0 0 
0 0 0 0 0 0 0 1 1 1 1 1 1 0 1 0 0 1 0 0 0 0 0 0 1 0 0 
0 0 0 0 0 0 0 0 1 1 1 1 1 1 0 1 0 0 1 0 0 0 0 0 0 1 0 
0 0 0 0 0 0 0 0 0 1 1 1 1 1 1 0 1 0 0 1 0 0 0 0 0 0 1 
1 0 0 0 0 0 0 0 0 0 1 1 1 1 1 1 0 1 0 0 1 0 0 0 0 0 0 
0 1 0 0 0 0 0 0 0 0 0 1 1 1 1 1 1 0 1 0 0 1 0 0 0 0 0 
0 0 1 0 0 0 0 0 0 0 0 0 1 1 1 1 1 1 0 1 0 0 1 0 0 0 0 
0 0 0 1 0 0 0 0 0 0 0 0 0 1 1 1 1 1 1 0 1 0 0 1 0 0 0 
0 0 0 0 1 0 0 0 0 0 0 0 0 0 1 1 1 1 1 1 0 1 0 0 1 0 0 
0 0 0 0 0 1 0 0 0 0 0 0 0 0 0 1 1 1 1 1 1 0 1 0 0 1 0 
0 0 0 0 0 0 1 0 0 0 0 0 0 0 0 0 1 1 1 1 1 1 0 1 0 0 1 
1 0 0 0 0 0 0 1 0 0 0 0 0 0 0 0 0 1 1 1 1 1 1 0 1 0 0 
0 1 0 0 0 0 0 0 1 0 0 0 0 0 0 0 0 0 1 1 1 1 1 1 0 1 0 
0 0 1 0 0 0 0 0 0 1 0 0 0 0 0 0 0 0 0 1 1 1 1 1 1 0 1 
1 0 0 1 0 0 0 0 0 0 1 0 0 0 0 0 0 0 0 0 1 1 1 1 1 1 0 
0 1 0 0 1 0 0 0 0 0 0 1 0 0 0 0 0 0 0 0 0 1 1 1 1 1 1 
1 0 1 0 0 1 0 0 0 0 0 0 1 0 0 0 0 0 0 0 0 0 1 1 1 1 1 
1 1 0 1 0 0 1 0 0 0 0 0 0 1 0 0 0 0 0 0 0 0 0 1 1 1 1 
1 1 1 0 1 0 0 1 0 0 0 0 0 0 1 0 0 0 0 0 0 0 0 0 1 1 1 
1 1 1 1 0 1 0 0 1 0 0 0 0 0 0 1 0 0 0 0 0 0 0 0 0 1 1 
1 1 1 1 1 0 1 0 0 1 0 0 0 0 0 0 1 0 0 0 0 0 0 0 0 0 1 
n = 28
B = 10
0 1 2 3 4 5 7 10 14 
1 1 1 1 1 1 0 1 0 0 1 0 0 0 1 0 0 0 0 0 0 0 0 0 0 0 0 0 
0 1 1 1 1 1 1 0 1 0 0 1 0 0 0 1 0 0 0 0 0 0 0 0 0 0 0 0 
0 0 1 1 1 1 1 1 0 1 0 0 1 0 0 0 1 0 0 0 0 0 0 0 0 0 0 0 
0 0 0 1 1 1 1 1 1 0 1 0 0 1 0 0 0 1 0 0 0 0 0 0 0 0 0 0 
0 0 0 0 1 1 1 1 1 1 0 1 0 0 1 0 0 0 1 0 0 0 0 0 0 0 0 0 
0 0 0 0 0 1 1 1 1 1 1 0 1 0 0 1 0 0 0 1 0 0 0 0 0 0 0 0 
0 0 0 0 0 0 1 1 1 1 1 1 0 1 0 0 1 0 0 0 1 0 0 0 0 0 0 0 
0 0 0 0 0 0 0 1 1 1 1 1 1 0 1 0 0 1 0 0 0 1 0 0 0 0 0 0 
0 0 0 0 0 0 0 0 1 1 1 1 1 1 0 1 0 0 1 0 0 0 1 0 0 0 0 0 
0 0 0 0 0 0 0 0 0 1 1 1 1 1 1 0 1 0 0 1 0 0 0 1 0 0 0 0 
0 0 0 0 0 0 0 0 0 0 1 1 1 1 1 1 0 1 0 0 1 0 0 0 1 0 0 0 
0 0 0 0 0 0 0 0 0 0 0 1 1 1 1 1 1 0 1 0 0 1 0 0 0 1 0 0 
0 0 0 0 0 0 0 0 0 0 0 0 1 1 1 1 1 1 0 1 0 0 1 0 0 0 1 0 
0 0 0 0 0 0 0 0 0 0 0 0 0 1 1 1 1 1 1 0 1 0 0 1 0 0 0 1 
1 0 0 0 0 0 0 0 0 0 0 0 0 0 1 1 1 1 1 1 0 1 0 0 1 0 0 0 
0 1 0 0 0 0 0 0 0 0 0 0 0 0 0 1 1 1 1 1 1 0 1 0 0 1 0 0 
0 0 1 0 0 0 0 0 0 0 0 0 0 0 0 0 1 1 1 1 1 1 0 1 0 0 1 0 
0 0 0 1 0 0 0 0 0 0 0 0 0 0 0 0 0 1 1 1 1 1 1 0 1 0 0 1 
1 0 0 0 1 0 0 0 0 0 0 0 0 0 0 0 0 0 1 1 1 1 1 1 0 1 0 0 
0 1 0 0 0 1 0 0 0 0 0 0 0 0 0 0 0 0 0 1 1 1 1 1 1 0 1 0 
0 0 1 0 0 0 1 0 0 0 0 0 0 0 0 0 0 0 0 0 1 1 1 1 1 1 0 1 
1 0 0 1 0 0 0 1 0 0 0 0 0 0 0 0 0 0 0 0 0 1 1 1 1 1 1 0 
0 1 0 0 1 0 0 0 1 0 0 0 0 0 0 0 0 0 0 0 0 0 1 1 1 1 1 1 
1 0 1 0 0 1 0 0 0 1 0 0 0 0 0 0 0 0 0 0 0 0 0 1 1 1 1 1 
1 1 0 1 0 0 1 0 0 0 1 0 0 0 0 0 0 0 0 0 0 0 0 0 1 1 1 1 
1 1 1 0 1 0 0 1 0 0 0 1 0 0 0 0 0 0 0 0 0 0 0 0 0 1 1 1 
1 1 1 1 0 1 0 0 1 0 0 0 1 0 0 0 0 0 0 0 0 0 0 0 0 0 1 1 
1 1 1 1 1 0 1 0 0 1 0 0 0 1 0 0 0 0 0 0 0 0 0 0 0 0 0 1 
