n = 10
B = 6
1 1 1 1 0 1 0 0 0 0 
0 1 1 1 1 0 1 0 0 0 
0 0 1 1 1 1 0 1 0 0 
0 0 0 1 1 1 1 0 1 0 
0 0 0 0 1 1 1 1 0 1 
1 0 0 0 0 1 1 1 1 0 
0 1 0 0 0 0 1 1 1 1 
1 0 1 0 0 0 0 1 1 1 
1 1 0 1 0 0 0 0 1 1 
1 1 1 0 1 0 0 0 0 1 
n = 10
B = 6
1 1 1 1 0 0 0 0 1 0 
0 1 1 1 1 0 0 0 0 1 
1 0 1 1 1 1 0 0 0 0 
0 1 0 1 1 1 1 0 0 0 
0 0 1 0 1 1 1 1 0 0 
0 0 0 1 0 1 1 1 1 0 
0 0 0 0 1 0 1 1 1 1 
1 0 0 0 0 1 0 1 1 1 
1 1 0 0 0 0 1 0 1 1 
1 1 1 0 0 0 0 1 0 1 
n = 10
B = 6
1 1 1 0 1 1 0 0 0 0 
0 1 1 1 0 1 1 0 0 0 
0 0 1 1 1 0 1 1 0 0 
0 0 0 1 1 1 0 1 1 0 
0 0 0 0 1 1 1 0 1 1 
1 0 0 0 0 1 1 1 0 1 
1 1 0 0 0 0 1 1 1 0 
0 1 1 0 0 0 0 1 1 1 
1 0 1 1 0 0 0 0 1 1 
1 1 0 1 1 0 0 0 0 1 
n = 10
B = 6
1 1 1 0 1 0 1 0 0 0 
0 1 1 1 0 1 0 1 0 0 
0 0 1 1 1 0 1 0 1 0 
0 0 0 1 1 1 0 1 0 1 
1 0 0 0 1 1 1 0 1 0 
0 1 0 0 0 1 1 1 0 1 
1 0 1 0 0 0 1 1 1 0 
0 1 0 1 0 0 0 1 1 1 
1 0 1 0 1 0 0 0 1 1 
1 1 0 1 0 1 0 0 0 1 
n = 10
B = 6
1 1 1 0 0 0 1 0 1 0 
0 1 1 1 0 0 0 1 0 1 
1 0 1 1 1 0 0 0 1 0 
0 1 0 1 1 1 0 0 0 1 
1 0 1 0 1 1 1 0 0 0 
0 1 0 1 0 1 1 1 0 0 
0 0 1 0 1 0 1 1 1 0 
0 0 0 1 0 1 0 1 1 1 
1 0 0 0 1 0 1 0 1 1 
1 1 0 0 0 1 0 1 0 1 
n = 10
B = 6
1 1 1 0 0 0 0 1 1 0 
0 1 1 1 0 0 0 0 1 1 
1 0 1 1 1 0 0 0 0 1 
1 1 0 1 1 1 0 0 0 0 
0 1 1 0 1 1 1 0 0 0 
0 0 1 1 0 1 1 1 0 0 
0 0 0 1 1 0 1 1 1 0 
0 0 0 0 1 1 0 1 1 1 
1 0 0 0 0 1 1 0 1 1 
1 1 0 0 0 0 1 1 0 1 
n = 10
B = 6
1 1 0 1 1 1 0 0 0 0 
0 1 1 0 1 1 1 0 0 0 
0 0 1 1 0 1 1 1 0 0 
0 0 0 1 1 0 1 1 1 0 
0 0 0 0 1 1 0 1 1 1 
1 0 0 0 0 1 1 0 1 1 
1 1 0 0 0 0 1 1 0 1 
1 1 1 0 0 0 0 1 1 0 
0 1 1 1 0 0 0 0 1 1 
1 0 1 1 1 0 0 0 0 1 
n = 10
B = 6
1 1 0 1 1 0 1 0 0 0 
0 1 1 0 1 1 0 1 0 0 
0 0 1 1 0 1 1 0 1 0 
0 0 0 1 1 0 1 1 0 1 
1 0 0 0 1 1 0 1 1 0 
0 1 0 0 0 1 1 0 1 1 
1 0 1 0 0 0 1 1 0 1 
1 1 0 1 0 0 0 1 1 0 
0 1 1 0 1 0 0 0 1 1 
1 0 1 1 0 1 0 0 0 1 
n = 10
B = 6
1 1 0 1 1 0 0 0 1 0 
0 1 1 0 1 1 0 0 0 1 
1 0 1 1 0 1 1 0 0 0 
0 1 0 1 1 0 1 1 0 0 
0 0 1 0 1 1 0 1 1 0 
0 0 0 1 0 1 1 0 1 1 
1 0 0 0 1 0 1 1 0 1 
1 1 0 0 0 1 0 1 1 0 
0 1 1 0 0 0 1 0 1 1 
1 0 1 1 0 0 0 1 0 1 
n = 10
B = 6
1 1 0 1 0 1 0 1 0 0 
0 1 1 0 1 0 1 0 1 0 
0 0 1 1 0 1 0 1 0 1 
1 0 0 1 1 0 1 0 1 0 
0 1 0 0 1 1 0 1 0 1 
1 0 1 0 0 1 1 0 1 0 
0 1 0 1 0 0 1 1 0 1 
1 0 1 0 1 0 0 1 1 0 
0 1 0 1 0 1 0 0 1 1 
1 0 1 0 1 0 1 0 0 1 
n = 10
B = 6
1 1 0 1 0 0 1 1 0 0 
0 1 1 0 1 0 0 1 1 0 
0 0 1 1 0 1 0 0 1 1 
1 0 0 1 1 0 1 0 0 1 
1 1 0 0 1 1 0 1 0 0 
0 1 1 0 0 1 1 0 1 0 
0 0 1 1 0 0 1 1 0 1 
1 0 0 1 1 0 0 1 1 0 
0 1 0 0 1 1 0 0 1 1 
1 0 1 0 0 1 1 0 0 1 
n = 10
B = 6
1 1 0 1 0 0 0 1 1 0 
0 1 1 0 1 0 0 0 1 1 
1 0 1 1 0 1 0 0 0 1 
1 1 0 1 1 0 1 0 0 0 
0 1 1 0 1 1 0 1 0 0 
0 0 1 1 0 1 1 0 1 0 
0 0 0 1 1 0 1 1 0 1 
1 0 0 0 1 1 0 1 1 0 
0 1 0 0 0 1 1 0 1 1 
1 0 1 0 0 0 1 1 0 1 
n = 10
B = 6
1 1 0 0 1 1 0 1 0 0 
0 1 1 0 0 1 1 0 1 0 
0 0 1 1 0 0 1 1 0 1 
1 0 0 1 1 0 0 1 1 0 
0 1 0 0 1 1 0 0 1 1 
1 0 1 0 0 1 1 0 0 1 
1 1 0 1 0 0 1 1 0 0 
0 1 1 0 1 0 0 1 1 0 
0 0 1 1 0 1 0 0 1 1 
1 0 0 1 1 0 1 0 0 1 
n = 10
B = 6
1 1 0 0 1 1 0 0 1 0 
0 1 1 0 0 1 1 0 0 1 
1 0 1 1 0 0 1 1 0 0 
0 1 0 1 1 0 0 1 1 0 
0 0 1 0 1 1 0 0 1 1 
1 0 0 1 0 1 1 0 0 1 
1 1 0 0 1 0 1 1 0 0 
0 1 1 0 0 1 0 1 1 0 
0 0 1 1 0 0 1 0 1 1 
1 0 0 1 1 0 0 1 0 1 
n = 10
B = 6
1 1 0 0 1 0 1 1 0 0 
0 1 1 0 0 1 0 1 1 0 
0 0 1 1 0 0 1 0 1 1 
1 0 0 1 1 0 0 1 0 1 
1 1 0 0 1 1 0 0 1 0 
0 1 1 0 0 1 1 0 0 1 
1 0 1 1 0 0 1 1 0 0 
0 1 0 1 1 0 0 1 1 0 
0 0 1 0 1 1 0 0 1 1 
1 0 0 1 0 1 1 0 0 1 
n = 10
B = 6
1 1 0 0 1 0 1 0 1 0 
0 1 1 0 0 1 0 1 0 1 
1 0 1 1 0 0 1 0 1 0 
0 1 0 1 1 0 0 1 0 1 
1 0 1 0 1 1 0 0 1 0 
0 1 0 1 0 1 1 0 0 1 
1 0 1 0 1 0 1 1 0 0 
0 1 0 1 0 1 0 1 1 0 
0 0 1 0 1 0 1 0 1 1 
1 0 0 1 0 1 0 1 0 1 
n = 10
B = 6
1 1 0 0 0 1 0 1 1 0 
0 1 1 0 0 0 1 0 1 1 
1 0 1 1 0 0 0 1 0 1 
1 1 0 1 1 0 0 0 1 0 
0 1 1 0 1 1 0 0 0 1 
1 0 1 1 0 1 1 0 0 0 
0 1 0 1 1 0 1 1 0 0 
0 0 1 0 1 1 0 1 1 0 
0 0 0 1 0 1 1 0 1 1 
1 0 0 0 1 0 1 1 0 1 
n = 10
B = 6
1 1 0 0 0 0 1 1 1 0 
0 1 1 0 0 0 0 1 1 1 
1 0 1 1 0 0 0 0 1 1 
1 1 0 1 1 0 0 0 0 1 
1 1 1 0 1 1 0 0 0 0 
0 1 1 1 0 1 1 0 0 0 
0 0 1 1 1 0 1 1 0 0 
0 0 0 1 1 1 0 1 1 0 
0 0 0 0 1 1 1 0 1 1 
1 0 0 0 0 1 1 1 0 1 
n = 10
B = 6
1 0 1 1 1 1 0 0 0 0 
0 1 0 1 1 1 1 0 0 0 
0 0 1 0 1 1 1 1 0 0 
0 0 0 1 0 1 1 1 1 0 
0 0 0 0 1 0 1 1 1 1 
1 0 0 0 0 1 0 1 1 1 
1 1 0 0 0 0 1 0 1 1 
1 1 1 0 0 0 0 1 0 1 
1 1 1 1 0 0 0 0 1 0 
0 1 1 1 1 0 0 0 0 1 
n = 10
B = 6
1 0 1 1 1 0 0 0 1 0 
0 1 0 1 1 1 0 0 0 1 
1 0 1 0 1 1 1 0 0 0 
0 1 0 1 0 1 1 1 0 0 
0 0 1 0 1 0 1 1 1 0 
0 0 0 1 0 1 0 1 1 1 
1 0 0 0 1 0 1 0 1 1 
1 1 0 0 0 1 0 1 0 1 
1 1 1 0 0 0 1 0 1 0 
0 1 1 1 0 0 0 1 0 1 
n = 10
B = 6
1 0 1 1 0 1 1 0 0 0 
0 1 0 1 1 0 1 1 0 0 
0 0 1 0 1 1 0 1 1 0 
0 0 0 1 0 1 1 0 1 1 
1 0 0 0 1 0 1 1 0 1 
1 1 0 0 0 1 0 1 1 0 
0 1 1 0 0 0 1 0 1 1 
1 0 1 1 0 0 0 1 0 1 
1 1 0 1 1 0 0 0 1 0 
0 1 1 0 1 1 0 0 0 1 
n = 10
B = 6
1 0 1 1 0 0 1 1 0 0 
0 1 0 1 1 0 0 1 1 0 
0 0 1 0 1 1 0 0 1 1 
1 0 0 1 0 1 1 0 0 1 
1 1 0 0 1 0 1 1 0 0 
0 1 1 0 0 1 0 1 1 0 
0 0 1 1 0 0 1 0 1 1 
1 0 0 1 1 0 0 1 0 1 
1 1 0 0 1 1 0 0 1 0 
0 1 1 0 0 1 1 0 0 1 
n = 10
B = 6
1 0 1 1 0 0 1 0 1 0 
0 1 0 1 1 0 0 1 0 1 
1 0 1 0 1 1 0 0 1 0 
0 1 0 1 0 1 1 0 0 1 
1 0 1 0 1 0 1 1 0 0 
0 1 0 1 0 1 0 1 1 0 
0 0 1 0 1 0 1 0 1 1 
1 0 0 1 0 1 0 1 0 1 
1 1 0 0 1 0 1 0 1 0 
0 1 1 0 0 1 0 1 0 1 
n = 10
B = 6
1 0 1 0 1 1 1 0 0 0 
0 1 0 1 0 1 1 1 0 0 
0 0 1 0 1 0 1 1 1 0 
0 0 0 1 0 1 0 1 1 1 
1 0 0 0 1 0 1 0 1 1 
1 1 0 0 0 1 0 1 0 1 
1 1 1 0 0 0 1 0 1 0 
0 1 1 1 0 0 0 1 0 1 
1 0 1 1 1 0 0 0 1 0 
0 1 0 1 1 1 0 0 0 1 
n = 10
B = 6
1 0 1 0 1 1 0 0 1 0 
0 1 0 1 0 1 1 0 0 1 
1 0 1 0 1 0 1 1 0 0 
0 1 0 1 0 1 0 1 1 0 
0 0 1 0 1 0 1 0 1 1 
1 0 0 1 0 1 0 1 0 1 
1 1 0 0 1 0 1 0 1 0 
0 1 1 0 0 1 0 1 0 1 
1 0 1 1 0 0 1 0 1 0 
0 1 0 1 1 0 0 1 0 1 
n = 10
B = 6
1 0 1 0 1 0 1 1 0 0 
0 1 0 1 0 1 0 1 1 0 
0 0 1 0 1 0 1 0 1 1 
1 0 0 1 0 1 0 1 0 1 
1 1 0 0 1 0 1 0 1 0 
0 1 1 0 0 1 0 1 0 1 
1 0 1 1 0 0 1 0 1 0 
0 1 0 1 1 0 0 1 0 1 
1 0 1 0 1 1 0 0 1 0 
0 1 0 1 0 1 1 0 0 1 
n = 10
B = 6
1 0 1 0 1 0 0 1 1 0 
0 1 0 1 0 1 0 0 1 1 
1 0 1 0 1 0 1 0 0 1 
1 1 0 1 0 1 0 1 0 0 
0 1 1 0 1 0 1 0 1 0 
0 0 1 1 0 1 0 1 0 1 
1 0 0 1 1 0 1 0 1 0 
0 1 0 0 1 1 0 1 0 1 
1 0 1 0 0 1 1 0 1 0 
0 1 0 1 0 0 1 1 0 1 
n = 10
B = 6
1 0 1 0 0 1 1 0 1 0 
0 1 0 1 0 0 1 1 0 1 
1 0 1 0 1 0 0 1 1 0 
0 1 0 1 0 1 0 0 1 1 
1 0 1 0 1 0 1 0 0 1 
1 1 0 1 0 1 0 1 0 0 
0 1 1 0 1 0 1 0 1 0 
0 0 1 1 0 1 0 1 0 1 
1 0 0 1 1 0 1 0 1 0 
0 1 0 0 1 1 0 1 0 1 
n = 10
B = 6
1 0 1 0 0 0 1 1 1 0 
0 1 0 1 0 0 0 1 1 1 
1 0 1 0 1 0 0 0 1 1 
1 1 0 1 0 1 0 0 0 1 
1 1 1 0 1 0 1 0 0 0 
0 1 1 1 0 1 0 1 0 0 
0 0 1 1 1 0 1 0 1 0 
0 0 0 1 1 1 0 1 0 1 
1 0 0 0 1 1 1 0 1 0 
0 1 0 0 0 1 1 1 0 1 
n = 10
B = 6
1 0 0 1 1 0 1 0 1 0 
0 1 0 0 1 1 0 1 0 1 
1 0 1 0 0 1 1 0 1 0 
0 1 0 1 0 0 1 1 0 1 
1 0 1 0 1 0 0 1 1 0 
0 1 0 1 0 1 0 0 1 1 
1 0 1 0 1 0 1 0 0 1 
1 1 0 1 0 1 0 1 0 0 
0 1 1 0 1 0 1 0 1 0 
0 0 1 1 0 1 0 1 0 1 
n = 10
B = 6
1 0 0 1 1 0 0 1 1 0 
0 1 0 0 1 1 0 0 1 1 
1 0 1 0 0 1 1 0 0 1 
1 1 0 1 0 0 1 1 0 0 
0 1 1 0 1 0 0 1 1 0 
0 0 1 1 0 1 0 0 1 1 
1 0 0 1 1 0 1 0 0 1 
1 1 0 0 1 1 0 1 0 0 
0 1 1 0 0 1 1 0 1 0 
0 0 1 1 0 0 1 1 0 1 
n = 10
B = 6
1 0 0 0 1 1 1 0 1 0 
0 1 0 0 0 1 1 1 0 1 
1 0 1 0 0 0 1 1 1 0 
0 1 0 1 0 0 0 1 1 1 
1 0 1 0 1 0 0 0 1 1 
1 1 0 1 0 1 0 0 0 1 
1 1 1 0 1 0 1 0 0 0 
0 1 1 1 0 1 0 1 0 0 
0 0 1 1 1 0 1 0 1 0 
0 0 0 1 1 1 0 1 0 1 
n = 10
B = 6
1 0 0 0 1 1 0 1 1 0 
0 1 0 0 0 1 1 0 1 1 
1 0 1 0 0 0 1 1 0 1 
1 1 0 1 0 0 0 1 1 0 
0 1 1 0 1 0 0 0 1 1 
1 0 1 1 0 1 0 0 0 1 
1 1 0 1 1 0 1 0 0 0 
0 1 1 0 1 1 0 1 0 0 
0 0 1 1 0 1 1 0 1 0 
0 0 0 1 1 0 1 1 0 1 
n = 10
B = 6
1 0 0 0 0 1 1 1 1 0 
0 1 0 0 0 0 1 1 1 1 
1 0 1 0 0 0 0 1 1 1 
1 1 0 1 0 0 0 0 1 1 
1 1 1 0 1 0 0 0 0 1 
1 1 1 1 0 1 0 0 0 0 
0 1 1 1 1 0 1 0 0 0 
0 0 1 1 1 1 0 1 0 0 
0 0 0 1 1 1 1 0 1 0 
0 0 0 0 1 1 1 1 0 1 
