n = 11
B = 6
1 1 1 1 0 1 0 0 0 0 0 
0 1 1 1 1 0 1 0 0 0 0 
0 0 1 1 1 1 0 1 0 0 0 
0 0 0 1 1 1 1 0 1 0 0 
0 0 0 0 1 1 1 1 0 1 0 
0 0 0 0 0 1 1 1 1 0 1 
1 0 0 0 0 0 1 1 1 1 0 
0 1 0 0 0 0 0 1 1 1 1 
1 0 1 0 0 0 0 0 1 1 1 
1 1 0 1 0 0 0 0 0 1 1 
1 1 1 0 1 0 0 0 0 0 1 
n = 11
B = 6
1 1 1 1 0 0 1 0 0 0 0 
0 1 1 1 1 0 0 1 0 0 0 
0 0 1 1 1 1 0 0 1 0 0 
0 0 0 1 1 1 1 0 0 1 0 
0 0 0 0 1 1 1 1 0 0 1 
1 0 0 0 0 1 1 1 1 0 0 
0 1 0 0 0 0 1 1 1 1 0 
0 0 1 0 0 0 0 1 1 1 1 
1 0 0 1 0 0 0 0 1 1 1 
1 1 0 0 1 0 0 0 0 1 1 
1 1 1 0 0 1 0 0 0 0 1 
n = 11
B = 6
1 1 1 1 0 0 0 1 0 0 0 
0 1 1 1 1 0 0 0 1 0 0 
0 0 1 1 1 1 0 0 0 1 0 
0 0 0 1 1 1 1 0 0 0 1 
1 0 0 0 1 1 1 1 0 0 0 
0 1 0 0 0 1 1 1 1 0 0 
0 0 1 0 0 0 1 1 1 1 0 
0 0 0 1 0 0 0 1 1 1 1 
1 0 0 0 1 0 0 0 1 1 1 
1 1 0 0 0 1 0 0 0 1 1 
1 1 1 0 0 0 1 0 0 0 1 
n = 11
B = 6
1 1 1 1 0 0 0 0 1 0 0 
0 1 1 1 1 0 0 0 0 1 0 
0 0 1 1 1 1 0 0 0 0 1 
1 0 0 1 1 1 1 0 0 0 0 
0 1 0 0 1 1 1 1 0 0 0 
0 0 1 0 0 1 1 1 1 0 0 
0 0 0 1 0 0 1 1 1 1 0 
0 0 0 0 1 0 0 1 1 1 1 
1 0 0 0 0 1 0 0 1 1 1 
1 1 0 0 0 0 1 0 0 1 1 
1 1 1 0 0 0 0 1 0 0 1 
n = 11
B = 6
1 1 1 1 0 0 0 0 0 1 0 
0 1 1 1 1 0 0 0 0 0 1 
1 0 1 1 1 1 0 0 0 0 0 
0 1 0 1 1 1 1 0 0 0 0 
0 0 1 0 1 1 1 1 0 0 0 
0 0 0 1 0 1 1 1 1 0 0 
0 0 0 0 1 0 1 1 1 1 0 
0 0 0 0 0 1 0 1 1 1 1 
1 0 0 0 0 0 1 0 1 1 1 
1 1 0 0 0 0 0 1 0 1 1 
1 1 1 0 0 0 0 0 1 0 1 
n = 11
B = 6
1 1 1 0 1 1 0 0 0 0 0 
0 1 1 1 0 1 1 0 0 0 0 
0 0 1 1 1 0 1 1 0 0 0 
0 0 0 1 1 1 0 1 1 0 0 
0 0 0 0 1 1 1 0 1 1 0 
0 0 0 0 0 1 1 1 0 1 1 
1 0 0 0 0 0 1 1 1 0 1 
1 1 0 0 0 0 0 1 1 1 0 
0 1 1 0 0 0 0 0 1 1 1 
1 0 1 1 0 0 0 0 0 1 1 
1 1 0 1 1 0 0 0 0 0 1 
n = 11
B = 6
1 1 1 0 1 0 1 0 0 0 0 
0 1 1 1 0 1 0 1 0 0 0 
0 0 1 1 1 0 1 0 1 0 0 
0 0 0 1 1 1 0 1 0 1 0 
0 0 0 0 1 1 1 0 1 0 1 
1 0 0 0 0 1 1 1 0 1 0 
0 1 0 0 0 0 1 1 1 0 1 
1 0 1 0 0 0 0 1 1 1 0 
0 1 0 1 0 0 0 0 1 1 1 
1 0 1 0 1 0 0 0 0 1 1 
1 1 0 1 0 1 0 0 0 0 1 
n = 11
B = 6
1 1 1 0 1 0 0 1 0 0 0 
0 1 1 1 0 1 0 0 1 0 0 
0 0 1 1 1 0 1 0 0 1 0 
0 0 0 1 1 1 0 1 0 0 1 
1 0 0 0 1 1 1 0 1 0 0 
0 1 0 0 0 1 1 1 0 1 0 
0 0 1 0 0 0 1 1 1 0 1 
1 0 0 1 0 0 0 1 1 1 0 
0 1 0 0 1 0 0 0 1 1 1 
1 0 1 0 0 1 0 0 0 1 1 
1 1 0 1 0 0 1 0 0 0 1 
n = 11
B = 6
1 1 1 0 1 0 0 0 1 0 0 
0 1 1 1 0 1 0 0 0 1 0 
0 0 1 1 1 0 1 0 0 0 1 
1 0 0 1 1 1 0 1 0 0 0 
0 1 0 0 1 1 1 0 1 0 0 
0 0 1 0 0 1 1 1 0 1 0 
0 0 0 1 0 0 1 1 1 0 1 
1 0 0 0 1 0 0 1 1 1 0 
0 1 0 0 0 1 0 0 1 1 1 
1 0 1 0 0 0 1 0 0 1 1 
1 1 0 1 0 0 0 1 0 0 1 
n = 11
B = 6
1 1 1 0 1 0 0 0 0 1 0 
0 1 1 1 0 1 0 0 0 0 1 
1 0 1 1 1 0 1 0 0 0 0 
0 1 0 1 1 1 0 1 0 0 0 
0 0 1 0 1 1 1 0 1 0 0 
0 0 0 1 0 1 1 1 0 1 0 
0 0 0 0 1 0 1 1 1 0 1 
1 0 0 0 0 1 0 1 1 1 0 
0 1 0 0 0 0 1 0 1 1 1 
1 0 1 0 0 0 0 1 0 1 1 
1 1 0 1 0 0 0 0 1 0 1 
n = 11
B = 6
1 1 1 0 0 1 1 0 0 0 0 
0 1 1 1 0 0 1 1 0 0 0 
0 0 1 1 1 0 0 1 1 0 0 
0 0 0 1 1 1 0 0 1 1 0 
0 0 0 0 1 1 1 0 0 1 1 
1 0 0 0 0 1 1 1 0 0 1 
1 1 0 0 0 0 1 1 1 0 0 
0 1 1 0 0 0 0 1 1 1 0 
0 0 1 1 0 0 0 0 1 1 1 
1 0 0 1 1 0 0 0 0 1 1 
1 1 0 0 1 1 0 0 0 0 1 
n = 11
B = 6
1 1 1 0 0 1 0 1 0 0 0 
0 1 1 1 0 0 1 0 1 0 0 
0 0 1 1 1 0 0 1 0 1 0 
0 0 0 1 1 1 0 0 1 0 1 
1 0 0 0 1 1 1 0 0 1 0 
0 1 0 0 0 1 1 1 0 0 1 
1 0 1 0 0 0 1 1 1 0 0 
0 1 0 1 0 0 0 1 1 1 0 
0 0 1 0 1 0 0 0 1 1 1 
1 0 0 1 0 1 0 0 0 1 1 
1 1 0 0 1 0 1 0 0 0 1 
n = 11
B = 6
1 1 1 0 0 1 0 0 1 0 0 
0 1 1 1 0 0 1 0 0 1 0 
0 0 1 1 1 0 0 1 0 0 1 
1 0 0 1 1 1 0 0 1 0 0 
0 1 0 0 1 1 1 0 0 1 0 
0 0 1 0 0 1 1 1 0 0 1 
1 0 0 1 0 0 1 1 1 0 0 
0 1 0 0 1 0 0 1 1 1 0 
0 0 1 0 0 1 0 0 1 1 1 
1 0 0 1 0 0 1 0 0 1 1 
1 1 0 0 1 0 0 1 0 0 1 
n = 11
B = 6
1 1 1 0 0 1 0 0 0 1 0 
0 1 1 1 0 0 1 0 0 0 1 
1 0 1 1 1 0 0 1 0 0 0 
0 1 0 1 1 1 0 0 1 0 0 
0 0 1 0 1 1 1 0 0 1 0 
0 0 0 1 0 1 1 1 0 0 1 
1 0 0 0 1 0 1 1 1 0 0 
0 1 0 0 0 1 0 1 1 1 0 
0 0 1 0 0 0 1 0 1 1 1 
1 0 0 1 0 0 0 1 0 1 1 
1 1 0 0 1 0 0 0 1 0 1 
n = 11
B = 6
1 1 1 0 0 0 1 0 1 0 0 
0 1 1 1 0 0 0 1 0 1 0 
0 0 1 1 1 0 0 0 1 0 1 
1 0 0 1 1 1 0 0 0 1 0 
0 1 0 0 1 1 1 0 0 0 1 
1 0 1 0 0 1 1 1 0 0 0 
0 1 0 1 0 0 1 1 1 0 0 
0 0 1 0 1 0 0 1 1 1 0 
0 0 0 1 0 1 0 0 1 1 1 
1 0 0 0 1 0 1 0 0 1 1 
1 1 0 0 0 1 0 1 0 0 1 
n = 11
B = 6
1 1 1 0 0 0 1 0 0 1 0 
0 1 1 1 0 0 0 1 0 0 1 
1 0 1 1 1 0 0 0 1 0 0 
0 1 0 1 1 1 0 0 0 1 0 
0 0 1 0 1 1 1 0 0 0 1 
1 0 0 1 0 1 1 1 0 0 0 
0 1 0 0 1 0 1 1 1 0 0 
0 0 1 0 0 1 0 1 1 1 0 
0 0 0 1 0 0 1 0 1 1 1 
1 0 0 0 1 0 0 1 0 1 1 
1 1 0 0 0 1 0 0 1 0 1 
n = 11
B = 6
1 1 1 0 0 0 0 1 1 0 0 
0 1 1 1 0 0 0 0 1 1 0 
0 0 1 1 1 0 0 0 0 1 1 
1 0 0 1 1 1 0 0 0 0 1 
1 1 0 0 1 1 1 0 0 0 0 
0 1 1 0 0 1 1 1 0 0 0 
0 0 1 1 0 0 1 1 1 0 0 
0 0 0 1 1 0 0 1 1 1 0 
0 0 0 0 1 1 0 0 1 1 1 
1 0 0 0 0 1 1 0 0 1 1 
1 1 0 0 0 0 1 1 0 0 1 
n = 11
B = 6
1 1 1 0 0 0 0 1 0 1 0 
0 1 1 1 0 0 0 0 1 0 1 
1 0 1 1 1 0 0 0 0 1 0 
0 1 0 1 1 1 0 0 0 0 1 
1 0 1 0 1 1 1 0 0 0 0 
0 1 0 1 0 1 1 1 0 0 0 
0 0 1 0 1 0 1 1 1 0 0 
0 0 0 1 0 1 0 1 1 1 0 
0 0 0 0 1 0 1 0 1 1 1 
1 0 0 0 0 1 0 1 0 1 1 
1 1 0 0 0 0 1 0 1 0 1 
n = 11
B = 6
1 1 1 0 0 0 0 0 1 1 0 
0 1 1 1 0 0 0 0 0 1 1 
1 0 1 1 1 0 0 0 0 0 1 
1 1 0 1 1 1 0 0 0 0 0 
0 1 1 0 1 1 1 0 0 0 0 
0 0 1 1 0 1 1 1 0 0 0 
0 0 0 1 1 0 1 1 1 0 0 
0 0 0 0 1 1 0 1 1 1 0 
0 0 0 0 0 1 1 0 1 1 1 
1 0 0 0 0 0 1 1 0 1 1 
1 1 0 0 0 0 0 1 1 0 1 
n = 11
B = 6
1 1 0 1 1 1 0 0 0 0 0 
0 1 1 0 1 1 1 0 0 0 0 
0 0 1 1 0 1 1 1 0 0 0 
0 0 0 1 1 0 1 1 1 0 0 
0 0 0 0 1 1 0 1 1 1 0 
0 0 0 0 0 1 1 0 1 1 1 
1 0 0 0 0 0 1 1 0 1 1 
1 1 0 0 0 0 0 1 1 0 1 
1 1 1 0 0 0 0 0 1 1 0 
0 1 1 1 0 0 0 0 0 1 1 
1 0 1 1 1 0 0 0 0 0 1 
n = 11
B = 6
1 1 0 1 1 0 1 0 0 0 0 
0 1 1 0 1 1 0 1 0 0 0 
0 0 1 1 0 1 1 0 1 0 0 
0 0 0 1 1 0 1 1 0 1 0 
0 0 0 0 1 1 0 1 1 0 1 
1 0 0 0 0 1 1 0 1 1 0 
0 1 0 0 0 0 1 1 0 1 1 
1 0 1 0 0 0 0 1 1 0 1 
1 1 0 1 0 0 0 0 1 1 0 
0 1 1 0 1 0 0 0 0 1 1 
1 0 1 1 0 1 0 0 0 0 1 
n = 11
B = 6
1 1 0 1 1 0 0 1 0 0 0 
0 1 1 0 1 1 0 0 1 0 0 
0 0 1 1 0 1 1 0 0 1 0 
0 0 0 1 1 0 1 1 0 0 1 
1 0 0 0 1 1 0 1 1 0 0 
0 1 0 0 0 1 1 0 1 1 0 
0 0 1 0 0 0 1 1 0 1 1 
1 0 0 1 0 0 0 1 1 0 1 
1 1 0 0 1 0 0 0 1 1 0 
0 1 1 0 0 1 0 0 0 1 1 
1 0 1 1 0 0 1 0 0 0 1 
n = 11
B = 6
1 1 0 1 1 0 0 0 1 0 0 
0 1 1 0 1 1 0 0 0 1 0 
0 0 1 1 0 1 1 0 0 0 1 
1 0 0 1 1 0 1 1 0 0 0 
0 1 0 0 1 1 0 1 1 0 0 
0 0 1 0 0 1 1 0 1 1 0 
0 0 0 1 0 0 1 1 0 1 1 
1 0 0 0 1 0 0 1 1 0 1 
1 1 0 0 0 1 0 0 1 1 0 
0 1 1 0 0 0 1 0 0 1 1 
1 0 1 1 0 0 0 1 0 0 1 
n = 11
B = 6
1 1 0 1 1 0 0 0 0 1 0 
0 1 1 0 1 1 0 0 0 0 1 
1 0 1 1 0 1 1 0 0 0 0 
0 1 0 1 1 0 1 1 0 0 0 
0 0 1 0 1 1 0 1 1 0 0 
0 0 0 1 0 1 1 0 1 1 0 
0 0 0 0 1 0 1 1 0 1 1 
1 0 0 0 0 1 0 1 1 0 1 
1 1 0 0 0 0 1 0 1 1 0 
0 1 1 0 0 0 0 1 0 1 1 
1 0 1 1 0 0 0 0 1 0 1 
n = 11
B = 6
1 1 0 1 0 1 1 0 0 0 0 
0 1 1 0 1 0 1 1 0 0 0 
0 0 1 1 0 1 0 1 1 0 0 
0 0 0 1 1 0 1 0 1 1 0 
0 0 0 0 1 1 0 1 0 1 1 
1 0 0 0 0 1 1 0 1 0 1 
1 1 0 0 0 0 1 1 0 1 0 
0 1 1 0 0 0 0 1 1 0 1 
1 0 1 1 0 0 0 0 1 1 0 
0 1 0 1 1 0 0 0 0 1 1 
1 0 1 0 1 1 0 0 0 0 1 
n = 11
B = 6
1 1 0 1 0 1 0 1 0 0 0 
0 1 1 0 1 0 1 0 1 0 0 
0 0 1 1 0 1 0 1 0 1 0 
0 0 0 1 1 0 1 0 1 0 1 
1 0 0 0 1 1 0 1 0 1 0 
0 1 0 0 0 1 1 0 1 0 1 
1 0 1 0 0 0 1 1 0 1 0 
0 1 0 1 0 0 0 1 1 0 1 
1 0 1 0 1 0 0 0 1 1 0 
0 1 0 1 0 1 0 0 0 1 1 
1 0 1 0 1 0 1 0 0 0 1 
n = 11
B = 6
1 1 0 1 0 1 0 0 1 0 0 
0 1 1 0 1 0 1 0 0 1 0 
0 0 1 1 0 1 0 1 0 0 1 
1 0 0 1 1 0 1 0 1 0 0 
0 1 0 0 1 1 0 1 0 1 0 
0 0 1 0 0 1 1 0 1 0 1 
1 0 0 1 0 0 1 1 0 1 0 
0 1 0 0 1 0 0 1 1 0 1 
1 0 1 0 0 1 0 0 1 1 0 
0 1 0 1 0 0 1 0 0 1 1 
1 0 1 0 1 0 0 1 0 0 1 
n = 11
B = 6
1 1 0 1 0 1 0 0 0 1 0 
0 1 1 0 1 0 1 0 0 0 1 
1 0 1 1 0 1 0 1 0 0 0 
0 1 0 1 1 0 1 0 1 0 0 
0 0 1 0 1 1 0 1 0 1 0 
0 0 0 1 0 1 1 0 1 0 1 
1 0 0 0 1 0 1 1 0 1 0 
0 1 0 0 0 1 0 1 1 0 1 
1 0 1 0 0 0 1 0 1 1 0 
0 1 0 1 0 0 0 1 0 1 1 
1 0 1 0 1 0 0 0 1 0 1 
n = 11
B = 6
1 1 0 1 0 0 1 1 0 0 0 
0 1 1 0 1 0 0 1 1 0 0 
0 0 1 1 0 1 0 0 1 1 0 
0 0 0 1 1 0 1 0 0 1 1 
1 0 0 0 1 1 0 1 0 0 1 
1 1 0 0 0 1 1 0 1 0 0 
0 1 1 0 0 0 1 1 0 1 0 
0 0 1 1 0 0 0 1 1 0 1 
1 0 0 1 1 0 0 0 1 1 0 
0 1 0 0 1 1 0 0 0 1 1 
1 0 1 0 0 1 1 0 0 0 1 
n = 11
B = 6
1 1 0 1 0 0 1 0 1 0 0 
0 1 1 0 1 0 0 1 0 1 0 
0 0 1 1 0 1 0 0 1 0 1 
1 0 0 1 1 0 1 0 0 1 0 
0 1 0 0 1 1 0 1 0 0 1 
1 0 1 0 0 1 1 0 1 0 0 
0 1 0 1 0 0 1 1 0 1 0 
0 0 1 0 1 0 0 1 1 0 1 
1 0 0 1 0 1 0 0 1 1 0 
0 1 0 0 1 0 1 0 0 1 1 
1 0 1 0 0 1 0 1 0 0 1 
n = 11
B = 6
1 1 0 1 0 0 0 1 1 0 0 
0 1 1 0 1 0 0 0 1 1 0 
0 0 1 1 0 1 0 0 0 1 1 
1 0 0 1 1 0 1 0 0 0 1 
1 1 0 0 1 1 0 1 0 0 0 
0 1 1 0 0 1 1 0 1 0 0 
0 0 1 1 0 0 1 1 0 1 0 
0 0 0 1 1 0 0 1 1 0 1 
1 0 0 0 1 1 0 0 1 1 0 
0 1 0 0 0 1 1 0 0 1 1 
1 0 1 0 0 0 1 1 0 0 1 
n = 11
B = 6
1 1 0 1 0 0 0 1 0 1 0 
0 1 1 0 1 0 0 0 1 0 1 
1 0 1 1 0 1 0 0 0 1 0 
0 1 0 1 1 0 1 0 0 0 1 
1 0 1 0 1 1 0 1 0 0 0 
0 1 0 1 0 1 1 0 1 0 0 
0 0 1 0 1 0 1 1 0 1 0 
0 0 0 1 0 1 0 1 1 0 1 
1 0 0 0 1 0 1 0 1 1 0 
0 1 0 0 0 1 0 1 0 1 1 
1 0 1 0 0 0 1 0 1 0 1 
n = 11
B = 6
1 1 0 1 0 0 0 0 1 1 0 
0 1 1 0 1 0 0 0 0 1 1 
1 0 1 1 0 1 0 0 0 0 1 
1 1 0 1 1 0 1 0 0 0 0 
0 1 1 0 1 1 0 1 0 0 0 
0 0 1 1 0 1 1 0 1 0 0 
0 0 0 1 1 0 1 1 0 1 0 
0 0 0 0 1 1 0 1 1 0 1 
1 0 0 0 0 1 1 0 1 1 0 
0 1 0 0 0 0 1 1 0 1 1 
1 0 1 0 0 0 0 1 1 0 1 
n = 11
B = 6
1 1 0 0 1 1 1 0 0 0 0 
0 1 1 0 0 1 1 1 0 0 0 
0 0 1 1 0 0 1 1 1 0 0 
0 0 0 1 1 0 0 1 1 1 0 
0 0 0 0 1 1 0 0 1 1 1 
1 0 0 0 0 1 1 0 0 1 1 
1 1 0 0 0 0 1 1 0 0 1 
1 1 1 0 0 0 0 1 1 0 0 
0 1 1 1 0 0 0 0 1 1 0 
0 0 1 1 1 0 0 0 0 1 1 
1 0 0 1 1 1 0 0 0 0 1 
n = 11
B = 6
1 1 0 0 1 1 0 1 0 0 0 
0 1 1 0 0 1 1 0 1 0 0 
0 0 1 1 0 0 1 1 0 1 0 
0 0 0 1 1 0 0 1 1 0 1 
1 0 0 0 1 1 0 0 1 1 0 
0 1 0 0 0 1 1 0 0 1 1 
1 0 1 0 0 0 1 1 0 0 1 
1 1 0 1 0 0 0 1 1 0 0 
0 1 1 0 1 0 0 0 1 1 0 
0 0 1 1 0 1 0 0 0 1 1 
1 0 0 1 1 0 1 0 0 0 1 
n = 11
B = 6
1 1 0 0 1 1 0 0 0 1 0 
0 1 1 0 0 1 1 0 0 0 1 
1 0 1 1 0 0 1 1 0 0 0 
0 1 0 1 1 0 0 1 1 0 0 
0 0 1 0 1 1 0 0 1 1 0 
0 0 0 1 0 1 1 0 0 1 1 
1 0 0 0 1 0 1 1 0 0 1 
1 1 0 0 0 1 0 1 1 0 0 
0 1 1 0 0 0 1 0 1 1 0 
0 0 1 1 0 0 0 1 0 1 1 
1 0 0 1 1 0 0 0 1 0 1 
n = 11
B = 6
1 1 0 0 1 0 1 1 0 0 0 
0 1 1 0 0 1 0 1 1 0 0 
0 0 1 1 0 0 1 0 1 1 0 
0 0 0 1 1 0 0 1 0 1 1 
1 0 0 0 1 1 0 0 1 0 1 
1 1 0 0 0 1 1 0 0 1 0 
0 1 1 0 0 0 1 1 0 0 1 
1 0 1 1 0 0 0 1 1 0 0 
0 1 0 1 1 0 0 0 1 1 0 
0 0 1 0 1 1 0 0 0 1 1 
1 0 0 1 0 1 1 0 0 0 1 
n = 11
B = 6
1 1 0 0 1 0 1 0 1 0 0 
0 1 1 0 0 1 0 1 0 1 0 
0 0 1 1 0 0 1 0 1 0 1 
1 0 0 1 1 0 0 1 0 1 0 
0 1 0 0 1 1 0 0 1 0 1 
1 0 1 0 0 1 1 0 0 1 0 
0 1 0 1 0 0 1 1 0 0 1 
1 0 1 0 1 0 0 1 1 0 0 
0 1 0 1 0 1 0 0 1 1 0 
0 0 1 0 1 0 1 0 0 1 1 
1 0 0 1 0 1 0 1 0 0 1 
n = 11
B = 6
1 1 0 0 1 0 1 0 0 1 0 
0 1 1 0 0 1 0 1 0 0 1 
1 0 1 1 0 0 1 0 1 0 0 
0 1 0 1 1 0 0 1 0 1 0 
0 0 1 0 1 1 0 0 1 0 1 
1 0 0 1 0 1 1 0 0 1 0 
0 1 0 0 1 0 1 1 0 0 1 
1 0 1 0 0 1 0 1 1 0 0 
0 1 0 1 0 0 1 0 1 1 0 
0 0 1 0 1 0 0 1 0 1 1 
1 0 0 1 0 1 0 0 1 0 1 
n = 11
B = 6
1 1 0 0 1 0 0 1 0 1 0 
0 1 1 0 0 1 0 0 1 0 1 
1 0 1 1 0 0 1 0 0 1 0 
0 1 0 1 1 0 0 1 0 0 1 
1 0 1 0 1 1 0 0 1 0 0 
0 1 0 1 0 1 1 0 0 1 0 
0 0 1 0 1 0 1 1 0 0 1 
1 0 0 1 0 1 0 1 1 0 0 
0 1 0 0 1 0 1 0 1 1 0 
0 0 1 0 0 1 0 1 0 1 1 
1 0 0 1 0 0 1 0 1 0 1 
n = 11
B = 6
1 1 0 0 1 0 0 0 1 1 0 
0 1 1 0 0 1 0 0 0 1 1 
1 0 1 1 0 0 1 0 0 0 1 
1 1 0 1 1 0 0 1 0 0 0 
0 1 1 0 1 1 0 0 1 0 0 
0 0 1 1 0 1 1 0 0 1 0 
0 0 0 1 1 0 1 1 0 0 1 
1 0 0 0 1 1 0 1 1 0 0 
0 1 0 0 0 1 1 0 1 1 0 
0 0 1 0 0 0 1 1 0 1 1 
1 0 0 1 0 0 0 1 1 0 1 
n = 11
B = 6
1 1 0 0 0 1 1 0 1 0 0 
0 1 1 0 0 0 1 1 0 1 0 
0 0 1 1 0 0 0 1 1 0 1 
1 0 0 1 1 0 0 0 1 1 0 
0 1 0 0 1 1 0 0 0 1 1 
1 0 1 0 0 1 1 0 0 0 1 
1 1 0 1 0 0 1 1 0 0 0 
0 1 1 0 1 0 0 1 1 0 0 
0 0 1 1 0 1 0 0 1 1 0 
0 0 0 1 1 0 1 0 0 1 1 
1 0 0 0 1 1 0 1 0 0 1 
n = 11
B = 6
1 1 0 0 0 1 1 0 0 1 0 
0 1 1 0 0 0 1 1 0 0 1 
1 0 1 1 0 0 0 1 1 0 0 
0 1 0 1 1 0 0 0 1 1 0 
0 0 1 0 1 1 0 0 0 1 1 
1 0 0 1 0 1 1 0 0 0 1 
1 1 0 0 1 0 1 1 0 0 0 
0 1 1 0 0 1 0 1 1 0 0 
0 0 1 1 0 0 1 0 1 1 0 
0 0 0 1 1 0 0 1 0 1 1 
1 0 0 0 1 1 0 0 1 0 1 
n = 11
B = 6
1 1 0 0 0 1 0 1 1 0 0 
0 1 1 0 0 0 1 0 1 1 0 
0 0 1 1 0 0 0 1 0 1 1 
1 0 0 1 1 0 0 0 1 0 1 
1 1 0 0 1 1 0 0 0 1 0 
0 1 1 0 0 1 1 0 0 0 1 
1 0 1 1 0 0 1 1 0 0 0 
0 1 0 1 1 0 0 1 1 0 0 
0 0 1 0 1 1 0 0 1 1 0 
0 0 0 1 0 1 1 0 0 1 1 
1 0 0 0 1 0 1 1 0 0 1 
n = 11
B = 6
1 1 0 0 0 1 0 1 0 1 0 
0 1 1 0 0 0 1 0 1 0 1 
1 0 1 1 0 0 0 1 0 1 0 
0 1 0 1 1 0 0 0 1 0 1 
1 0 1 0 1 1 0 0 0 1 0 
0 1 0 1 0 1 1 0 0 0 1 
1 0 1 0 1 0 1 1 0 0 0 
0 1 0 1 0 1 0 1 1 0 0 
0 0 1 0 1 0 1 0 1 1 0 
0 0 0 1 0 1 0 1 0 1 1 
1 0 0 0 1 0 1 0 1 0 1 
n = 11
B = 6
1 1 0 0 0 1 0 0 1 1 0 
0 1 1 0 0 0 1 0 0 1 1 
1 0 1 1 0 0 0 1 0 0 1 
1 1 0 1 1 0 0 0 1 0 0 
0 1 1 0 1 1 0 0 0 1 0 
0 0 1 1 0 1 1 0 0 0 1 
1 0 0 1 1 0 1 1 0 0 0 
0 1 0 0 1 1 0 1 1 0 0 
0 0 1 0 0 1 1 0 1 1 0 
0 0 0 1 0 0 1 1 0 1 1 
1 0 0 0 1 0 0 1 1 0 1 
n = 11
B = 6
1 1 0 0 0 0 1 1 1 0 0 
0 1 1 0 0 0 0 1 1 1 0 
0 0 1 1 0 0 0 0 1 1 1 
1 0 0 1 1 0 0 0 0 1 1 
1 1 0 0 1 1 0 0 0 0 1 
1 1 1 0 0 1 1 0 0 0 0 
0 1 1 1 0 0 1 1 0 0 0 
0 0 1 1 1 0 0 1 1 0 0 
0 0 0 1 1 1 0 0 1 1 0 
0 0 0 0 1 1 1 0 0 1 1 
1 0 0 0 0 1 1 1 0 0 1 
n = 11
B = 6
1 1 0 0 0 0 1 1 0 1 0 
0 1 1 0 0 0 0 1 1 0 1 
1 0 1 1 0 0 0 0 1 1 0 
0 1 0 1 1 0 0 0 0 1 1 
1 0 1 0 1 1 0 0 0 0 1 
1 1 0 1 0 1 1 0 0 0 0 
0 1 1 0 1 0 1 1 0 0 0 
0 0 1 1 0 1 0 1 1 0 0 
0 0 0 1 1 0 1 0 1 1 0 
0 0 0 0 1 1 0 1 0 1 1 
1 0 0 0 0 1 1 0 1 0 1 
n = 11
B = 6
1 1 0 0 0 0 1 0 1 1 0 
0 1 1 0 0 0 0 1 0 1 1 
1 0 1 1 0 0 0 0 1 0 1 
1 1 0 1 1 0 0 0 0 1 0 
0 1 1 0 1 1 0 0 0 0 1 
1 0 1 1 0 1 1 0 0 0 0 
0 1 0 1 1 0 1 1 0 0 0 
0 0 1 0 1 1 0 1 1 0 0 
0 0 0 1 0 1 1 0 1 1 0 
0 0 0 0 1 0 1 1 0 1 1 
1 0 0 0 0 1 0 1 1 0 1 
n = 11
B = 6
1 1 0 0 0 0 0 1 1 1 0 
0 1 1 0 0 0 0 0 1 1 1 
1 0 1 1 0 0 0 0 0 1 1 
1 1 0 1 1 0 0 0 0 0 1 
1 1 1 0 1 1 0 0 0 0 0 
0 1 1 1 0 1 1 0 0 0 0 
0 0 1 1 1 0 1 1 0 0 0 
0 0 0 1 1 1 0 1 1 0 0 
0 0 0 0 1 1 1 0 1 1 0 
0 0 0 0 0 1 1 1 0 1 1 
1 0 0 0 0 0 1 1 1 0 1 
n = 11
B = 6
1 0 1 1 1 1 0 0 0 0 0 
0 1 0 1 1 1 1 0 0 0 0 
0 0 1 0 1 1 1 1 0 0 0 
0 0 0 1 0 1 1 1 1 0 0 
0 0 0 0 1 0 1 1 1 1 0 
0 0 0 0 0 1 0 1 1 1 1 
1 0 0 0 0 0 1 0 1 1 1 
1 1 0 0 0 0 0 1 0 1 1 
1 1 1 0 0 0 0 0 1 0 1 
1 1 1 1 0 0 0 0 0 1 0 
0 1 1 1 1 0 0 0 0 0 1 
n = 11
B = 6
1 0 1 1 1 0 1 0 0 0 0 
0 1 0 1 1 1 0 1 0 0 0 
0 0 1 0 1 1 1 0 1 0 0 
0 0 0 1 0 1 1 1 0 1 0 
0 0 0 0 1 0 1 1 1 0 1 
1 0 0 0 0 1 0 1 1 1 0 
0 1 0 0 0 0 1 0 1 1 1 
1 0 1 0 0 0 0 1 0 1 1 
1 1 0 1 0 0 0 0 1 0 1 
1 1 1 0 1 0 0 0 0 1 0 
0 1 1 1 0 1 0 0 0 0 1 
n = 11
B = 6
1 0 1 1 1 0 0 1 0 0 0 
0 1 0 1 1 1 0 0 1 0 0 
0 0 1 0 1 1 1 0 0 1 0 
0 0 0 1 0 1 1 1 0 0 1 
1 0 0 0 1 0 1 1 1 0 0 
0 1 0 0 0 1 0 1 1 1 0 
0 0 1 0 0 0 1 0 1 1 1 
1 0 0 1 0 0 0 1 0 1 1 
1 1 0 0 1 0 0 0 1 0 1 
1 1 1 0 0 1 0 0 0 1 0 
0 1 1 1 0 0 1 0 0 0 1 
n = 11
B = 6
1 0 1 1 1 0 0 0 1 0 0 
0 1 0 1 1 1 0 0 0 1 0 
0 0 1 0 1 1 1 0 0 0 1 
1 0 0 1 0 1 1 1 0 0 0 
0 1 0 0 1 0 1 1 1 0 0 
0 0 1 0 0 1 0 1 1 1 0 
0 0 0 1 0 0 1 0 1 1 1 
1 0 0 0 1 0 0 1 0 1 1 
1 1 0 0 0 1 0 0 1 0 1 
1 1 1 0 0 0 1 0 0 1 0 
0 1 1 1 0 0 0 1 0 0 1 
n = 11
B = 6
1 0 1 1 1 0 0 0 0 1 0 
0 1 0 1 1 1 0 0 0 0 1 
1 0 1 0 1 1 1 0 0 0 0 
0 1 0 1 0 1 1 1 0 0 0 
0 0 1 0 1 0 1 1 1 0 0 
0 0 0 1 0 1 0 1 1 1 0 
0 0 0 0 1 0 1 0 1 1 1 
1 0 0 0 0 1 0 1 0 1 1 
1 1 0 0 0 0 1 0 1 0 1 
1 1 1 0 0 0 0 1 0 1 0 
0 1 1 1 0 0 0 0 1 0 1 
n = 11
B = 6
1 0 1 1 0 1 1 0 0 0 0 
0 1 0 1 1 0 1 1 0 0 0 
0 0 1 0 1 1 0 1 1 0 0 
0 0 0 1 0 1 1 0 1 1 0 
0 0 0 0 1 0 1 1 0 1 1 
1 0 0 0 0 1 0 1 1 0 1 
1 1 0 0 0 0 1 0 1 1 0 
0 1 1 0 0 0 0 1 0 1 1 
1 0 1 1 0 0 0 0 1 0 1 
1 1 0 1 1 0 0 0 0 1 0 
0 1 1 0 1 1 0 0 0 0 1 
n = 11
B = 6
1 0 1 1 0 1 0 1 0 0 0 
0 1 0 1 1 0 1 0 1 0 0 
0 0 1 0 1 1 0 1 0 1 0 
0 0 0 1 0 1 1 0 1 0 1 
1 0 0 0 1 0 1 1 0 1 0 
0 1 0 0 0 1 0 1 1 0 1 
1 0 1 0 0 0 1 0 1 1 0 
0 1 0 1 0 0 0 1 0 1 1 
1 0 1 0 1 0 0 0 1 0 1 
1 1 0 1 0 1 0 0 0 1 0 
0 1 1 0 1 0 1 0 0 0 1 
n = 11
B = 6
1 0 1 1 0 1 0 0 0 1 0 
0 1 0 1 1 0 1 0 0 0 1 
1 0 1 0 1 1 0 1 0 0 0 
0 1 0 1 0 1 1 0 1 0 0 
0 0 1 0 1 0 1 1 0 1 0 
0 0 0 1 0 1 0 1 1 0 1 
1 0 0 0 1 0 1 0 1 1 0 
0 1 0 0 0 1 0 1 0 1 1 
1 0 1 0 0 0 1 0 1 0 1 
1 1 0 1 0 0 0 1 0 1 0 
0 1 1 0 1 0 0 0 1 0 1 
n = 11
B = 6
1 0 1 1 0 0 1 1 0 0 0 
0 1 0 1 1 0 0 1 1 0 0 
0 0 1 0 1 1 0 0 1 1 0 
0 0 0 1 0 1 1 0 0 1 1 
1 0 0 0 1 0 1 1 0 0 1 
1 1 0 0 0 1 0 1 1 0 0 
0 1 1 0 0 0 1 0 1 1 0 
0 0 1 1 0 0 0 1 0 1 1 
1 0 0 1 1 0 0 0 1 0 1 
1 1 0 0 1 1 0 0 0 1 0 
0 1 1 0 0 1 1 0 0 0 1 
n = 11
B = 6
1 0 1 1 0 0 1 0 1 0 0 
0 1 0 1 1 0 0 1 0 1 0 
0 0 1 0 1 1 0 0 1 0 1 
1 0 0 1 0 1 1 0 0 1 0 
0 1 0 0 1 0 1 1 0 0 1 
1 0 1 0 0 1 0 1 1 0 0 
0 1 0 1 0 0 1 0 1 1 0 
0 0 1 0 1 0 0 1 0 1 1 
1 0 0 1 0 1 0 0 1 0 1 
1 1 0 0 1 0 1 0 0 1 0 
0 1 1 0 0 1 0 1 0 0 1 
n = 11
B = 6
1 0 1 1 0 0 1 0 0 1 0 
0 1 0 1 1 0 0 1 0 0 1 
1 0 1 0 1 1 0 0 1 0 0 
0 1 0 1 0 1 1 0 0 1 0 
0 0 1 0 1 0 1 1 0 0 1 
1 0 0 1 0 1 0 1 1 0 0 
0 1 0 0 1 0 1 0 1 1 0 
0 0 1 0 0 1 0 1 0 1 1 
1 0 0 1 0 0 1 0 1 0 1 
1 1 0 0 1 0 0 1 0 1 0 
0 1 1 0 0 1 0 0 1 0 1 
n = 11
B = 6
1 0 1 1 0 0 0 1 1 0 0 
0 1 0 1 1 0 0 0 1 1 0 
0 0 1 0 1 1 0 0 0 1 1 
1 0 0 1 0 1 1 0 0 0 1 
1 1 0 0 1 0 1 1 0 0 0 
0 1 1 0 0 1 0 1 1 0 0 
0 0 1 1 0 0 1 0 1 1 0 
0 0 0 1 1 0 0 1 0 1 1 
1 0 0 0 1 1 0 0 1 0 1 
1 1 0 0 0 1 1 0 0 1 0 
0 1 1 0 0 0 1 1 0 0 1 
n = 11
B = 6
1 0 1 1 0 0 0 1 0 1 0 
0 1 0 1 1 0 0 0 1 0 1 
1 0 1 0 1 1 0 0 0 1 0 
0 1 0 1 0 1 1 0 0 0 1 
1 0 1 0 1 0 1 1 0 0 0 
0 1 0 1 0 1 0 1 1 0 0 
0 0 1 0 1 0 1 0 1 1 0 
0 0 0 1 0 1 0 1 0 1 1 
1 0 0 0 1 0 1 0 1 0 1 
1 1 0 0 0 1 0 1 0 1 0 
0 1 1 0 0 0 1 0 1 0 1 
n = 11
B = 6
1 0 1 1 0 0 0 0 1 1 0 
0 1 0 1 1 0 0 0 0 1 1 
1 0 1 0 1 1 0 0 0 0 1 
1 1 0 1 0 1 1 0 0 0 0 
0 1 1 0 1 0 1 1 0 0 0 
0 0 1 1 0 1 0 1 1 0 0 
0 0 0 1 1 0 1 0 1 1 0 
0 0 0 0 1 1 0 1 0 1 1 
1 0 0 0 0 1 1 0 1 0 1 
1 1 0 0 0 0 1 1 0 1 0 
0 1 1 0 0 0 0 1 1 0 1 
n = 11
B = 6
1 0 1 0 1 1 1 0 0 0 0 
0 1 0 1 0 1 1 1 0 0 0 
0 0 1 0 1 0 1 1 1 0 0 
0 0 0 1 0 1 0 1 1 1 0 
0 0 0 0 1 0 1 0 1 1 1 
1 0 0 0 0 1 0 1 0 1 1 
1 1 0 0 0 0 1 0 1 0 1 
1 1 1 0 0 0 0 1 0 1 0 
0 1 1 1 0 0 0 0 1 0 1 
1 0 1 1 1 0 0 0 0 1 0 
0 1 0 1 1 1 0 0 0 0 1 
n = 11
B = 6
1 0 1 0 1 1 0 1 0 0 0 
0 1 0 1 0 1 1 0 1 0 0 
0 0 1 0 1 0 1 1 0 1 0 
0 0 0 1 0 1 0 1 1 0 1 
1 0 0 0 1 0 1 0 1 1 0 
0 1 0 0 0 1 0 1 0 1 1 
1 0 1 0 0 0 1 0 1 0 1 
1 1 0 1 0 0 0 1 0 1 0 
0 1 1 0 1 0 0 0 1 0 1 
1 0 1 1 0 1 0 0 0 1 0 
0 1 0 1 1 0 1 0 0 0 1 
n = 11
B = 6
1 0 1 0 1 1 0 0 1 0 0 
0 1 0 1 0 1 1 0 0 1 0 
0 0 1 0 1 0 1 1 0 0 1 
1 0 0 1 0 1 0 1 1 0 0 
0 1 0 0 1 0 1 0 1 1 0 
0 0 1 0 0 1 0 1 0 1 1 
1 0 0 1 0 0 1 0 1 0 1 
1 1 0 0 1 0 0 1 0 1 0 
0 1 1 0 0 1 0 0 1 0 1 
1 0 1 1 0 0 1 0 0 1 0 
0 1 0 1 1 0 0 1 0 0 1 
n = 11
B = 6
1 0 1 0 1 1 0 0 0 1 0 
0 1 0 1 0 1 1 0 0 0 1 
1 0 1 0 1 0 1 1 0 0 0 
0 1 0 1 0 1 0 1 1 0 0 
0 0 1 0 1 0 1 0 1 1 0 
0 0 0 1 0 1 0 1 0 1 1 
1 0 0 0 1 0 1 0 1 0 1 
1 1 0 0 0 1 0 1 0 1 0 
0 1 1 0 0 0 1 0 1 0 1 
1 0 1 1 0 0 0 1 0 1 0 
0 1 0 1 1 0 0 0 1 0 1 
n = 11
B = 6
1 0 1 0 1 0 1 1 0 0 0 
0 1 0 1 0 1 0 1 1 0 0 
0 0 1 0 1 0 1 0 1 1 0 
0 0 0 1 0 1 0 1 0 1 1 
1 0 0 0 1 0 1 0 1 0 1 
1 1 0 0 0 1 0 1 0 1 0 
0 1 1 0 0 0 1 0 1 0 1 
1 0 1 1 0 0 0 1 0 1 0 
0 1 0 1 1 0 0 0 1 0 1 
1 0 1 0 1 1 0 0 0 1 0 
0 1 0 1 0 1 1 0 0 0 1 
n = 11
B = 6
1 0 1 0 1 0 0 1 1 0 0 
0 1 0 1 0 1 0 0 1 1 0 
0 0 1 0 1 0 1 0 0 1 1 
1 0 0 1 0 1 0 1 0 0 1 
1 1 0 0 1 0 1 0 1 0 0 
0 1 1 0 0 1 0 1 0 1 0 
0 0 1 1 0 0 1 0 1 0 1 
1 0 0 1 1 0 0 1 0 1 0 
0 1 0 0 1 1 0 0 1 0 1 
1 0 1 0 0 1 1 0 0 1 0 
0 1 0 1 0 0 1 1 0 0 1 
n = 11
B = 6
1 0 1 0 1 0 0 0 1 1 0 
0 1 0 1 0 1 0 0 0 1 1 
1 0 1 0 1 0 1 0 0 0 1 
1 1 0 1 0 1 0 1 0 0 0 
0 1 1 0 1 0 1 0 1 0 0 
0 0 1 1 0 1 0 1 0 1 0 
0 0 0 1 1 0 1 0 1 0 1 
1 0 0 0 1 1 0 1 0 1 0 
0 1 0 0 0 1 1 0 1 0 1 
1 0 1 0 0 0 1 1 0 1 0 
0 1 0 1 0 0 0 1 1 0 1 
n = 11
B = 6
1 0 1 0 0 1 1 1 0 0 0 
0 1 0 1 0 0 1 1 1 0 0 
0 0 1 0 1 0 0 1 1 1 0 
0 0 0 1 0 1 0 0 1 1 1 
1 0 0 0 1 0 1 0 0 1 1 
1 1 0 0 0 1 0 1 0 0 1 
1 1 1 0 0 0 1 0 1 0 0 
0 1 1 1 0 0 0 1 0 1 0 
0 0 1 1 1 0 0 0 1 0 1 
1 0 0 1 1 1 0 0 0 1 0 
0 1 0 0 1 1 1 0 0 0 1 
n = 11
B = 6
1 0 1 0 0 1 1 0 1 0 0 
0 1 0 1 0 0 1 1 0 1 0 
0 0 1 0 1 0 0 1 1 0 1 
1 0 0 1 0 1 0 0 1 1 0 
0 1 0 0 1 0 1 0 0 1 1 
1 0 1 0 0 1 0 1 0 0 1 
1 1 0 1 0 0 1 0 1 0 0 
0 1 1 0 1 0 0 1 0 1 0 
0 0 1 1 0 1 0 0 1 0 1 
1 0 0 1 1 0 1 0 0 1 0 
0 1 0 0 1 1 0 1 0 0 1 
n = 11
B = 6
1 0 1 0 0 1 1 0 0 1 0 
0 1 0 1 0 0 1 1 0 0 1 
1 0 1 0 1 0 0 1 1 0 0 
0 1 0 1 0 1 0 0 1 1 0 
0 0 1 0 1 0 1 0 0 1 1 
1 0 0 1 0 1 0 1 0 0 1 
1 1 0 0 1 0 1 0 1 0 0 
0 1 1 0 0 1 0 1 0 1 0 
0 0 1 1 0 0 1 0 1 0 1 
1 0 0 1 1 0 0 1 0 1 0 
0 1 0 0 1 1 0 0 1 0 1 
n = 11
B = 6
1 0 1 0 0 1 0 1 1 0 0 
0 1 0 1 0 0 1 0 1 1 0 
0 0 1 0 1 0 0 1 0 1 1 
1 0 0 1 0 1 0 0 1 0 1 
1 1 0 0 1 0 1 0 0 1 0 
0 1 1 0 0 1 0 1 0 0 1 
1 0 1 1 0 0 1 0 1 0 0 
0 1 0 1 1 0 0 1 0 1 0 
0 0 1 0 1 1 0 0 1 0 1 
1 0 0 1 0 1 1 0 0 1 0 
0 1 0 0 1 0 1 1 0 0 1 
n = 11
B = 6
1 0 1 0 0 1 0 0 1 1 0 
0 1 0 1 0 0 1 0 0 1 1 
1 0 1 0 1 0 0 1 0 0 1 
1 1 0 1 0 1 0 0 1 0 0 
0 1 1 0 1 0 1 0 0 1 0 
0 0 1 1 0 1 0 1 0 0 1 
1 0 0 1 1 0 1 0 1 0 0 
0 1 0 0 1 1 0 1 0 1 0 
0 0 1 0 0 1 1 0 1 0 1 
1 0 0 1 0 0 1 1 0 1 0 
0 1 0 0 1 0 0 1 1 0 1 
n = 11
B = 6
1 0 1 0 0 0 1 1 1 0 0 
0 1 0 1 0 0 0 1 1 1 0 
0 0 1 0 1 0 0 0 1 1 1 
1 0 0 1 0 1 0 0 0 1 1 
1 1 0 0 1 0 1 0 0 0 1 
1 1 1 0 0 1 0 1 0 0 0 
0 1 1 1 0 0 1 0 1 0 0 
0 0 1 1 1 0 0 1 0 1 0 
0 0 0 1 1 1 0 0 1 0 1 
1 0 0 0 1 1 1 0 0 1 0 
0 1 0 0 0 1 1 1 0 0 1 
n = 11
B = 6
1 0 1 0 0 0 1 1 0 1 0 
0 1 0 1 0 0 0 1 1 0 1 
1 0 1 0 1 0 0 0 1 1 0 
0 1 0 1 0 1 0 0 0 1 1 
1 0 1 0 1 0 1 0 0 0 1 
1 1 0 1 0 1 0 1 0 0 0 
0 1 1 0 1 0 1 0 1 0 0 
0 0 1 1 0 1 0 1 0 1 0 
0 0 0 1 1 0 1 0 1 0 1 
1 0 0 0 1 1 0 1 0 1 0 
0 1 0 0 0 1 1 0 1 0 1 
n = 11
B = 6
1 0 1 0 0 0 1 0 1 1 0 
0 1 0 1 0 0 0 1 0 1 1 
1 0 1 0 1 0 0 0 1 0 1 
1 1 0 1 0 1 0 0 0 1 0 
0 1 1 0 1 0 1 0 0 0 1 
1 0 1 1 0 1 0 1 0 0 0 
0 1 0 1 1 0 1 0 1 0 0 
0 0 1 0 1 1 0 1 0 1 0 
0 0 0 1 0 1 1 0 1 0 1 
1 0 0 0 1 0 1 1 0 1 0 
0 1 0 0 0 1 0 1 1 0 1 
n = 11
B = 6
1 0 1 0 0 0 0 1 1 1 0 
0 1 0 1 0 0 0 0 1 1 1 
1 0 1 0 1 0 0 0 0 1 1 
1 1 0 1 0 1 0 0 0 0 1 
1 1 1 0 1 0 1 0 0 0 0 
0 1 1 1 0 1 0 1 0 0 0 
0 0 1 1 1 0 1 0 1 0 0 
0 0 0 1 1 1 0 1 0 1 0 
0 0 0 0 1 1 1 0 1 0 1 
1 0 0 0 0 1 1 1 0 1 0 
0 1 0 0 0 0 1 1 1 0 1 
n = 11
B = 6
1 0 0 1 1 1 1 0 0 0 0 
0 1 0 0 1 1 1 1 0 0 0 
0 0 1 0 0 1 1 1 1 0 0 
0 0 0 1 0 0 1 1 1 1 0 
0 0 0 0 1 0 0 1 1 1 1 
1 0 0 0 0 1 0 0 1 1 1 
1 1 0 0 0 0 1 0 0 1 1 
1 1 1 0 0 0 0 1 0 0 1 
1 1 1 1 0 0 0 0 1 0 0 
0 1 1 1 1 0 0 0 0 1 0 
0 0 1 1 1 1 0 0 0 0 1 
n = 11
B = 6
1 0 0 1 1 1 0 1 0 0 0 
0 1 0 0 1 1 1 0 1 0 0 
0 0 1 0 0 1 1 1 0 1 0 
0 0 0 1 0 0 1 1 1 0 1 
1 0 0 0 1 0 0 1 1 1 0 
0 1 0 0 0 1 0 0 1 1 1 
1 0 1 0 0 0 1 0 0 1 1 
1 1 0 1 0 0 0 1 0 0 1 
1 1 1 0 1 0 0 0 1 0 0 
0 1 1 1 0 1 0 0 0 1 0 
0 0 1 1 1 0 1 0 0 0 1 
n = 11
B = 6
1 0 0 1 1 1 0 0 1 0 0 
0 1 0 0 1 1 1 0 0 1 0 
0 0 1 0 0 1 1 1 0 0 1 
1 0 0 1 0 0 1 1 1 0 0 
0 1 0 0 1 0 0 1 1 1 0 
0 0 1 0 0 1 0 0 1 1 1 
1 0 0 1 0 0 1 0 0 1 1 
1 1 0 0 1 0 0 1 0 0 1 
1 1 1 0 0 1 0 0 1 0 0 
0 1 1 1 0 0 1 0 0 1 0 
0 0 1 1 1 0 0 1 0 0 1 
n = 11
B = 6
1 0 0 1 1 1 0 0 0 1 0 
0 1 0 0 1 1 1 0 0 0 1 
1 0 1 0 0 1 1 1 0 0 0 
0 1 0 1 0 0 1 1 1 0 0 
0 0 1 0 1 0 0 1 1 1 0 
0 0 0 1 0 1 0 0 1 1 1 
1 0 0 0 1 0 1 0 0 1 1 
1 1 0 0 0 1 0 1 0 0 1 
1 1 1 0 0 0 1 0 1 0 0 
0 1 1 1 0 0 0 1 0 1 0 
0 0 1 1 1 0 0 0 1 0 1 
n = 11
B = 6
1 0 0 1 1 0 1 1 0 0 0 
0 1 0 0 1 1 0 1 1 0 0 
0 0 1 0 0 1 1 0 1 1 0 
0 0 0 1 0 0 1 1 0 1 1 
1 0 0 0 1 0 0 1 1 0 1 
1 1 0 0 0 1 0 0 1 1 0 
0 1 1 0 0 0 1 0 0 1 1 
1 0 1 1 0 0 0 1 0 0 1 
1 1 0 1 1 0 0 0 1 0 0 
0 1 1 0 1 1 0 0 0 1 0 
0 0 1 1 0 1 1 0 0 0 1 
n = 11
B = 6
1 0 0 1 1 0 1 0 1 0 0 
0 1 0 0 1 1 0 1 0 1 0 
0 0 1 0 0 1 1 0 1 0 1 
1 0 0 1 0 0 1 1 0 1 0 
0 1 0 0 1 0 0 1 1 0 1 
1 0 1 0 0 1 0 0 1 1 0 
0 1 0 1 0 0 1 0 0 1 1 
1 0 1 0 1 0 0 1 0 0 1 
1 1 0 1 0 1 0 0 1 0 0 
0 1 1 0 1 0 1 0 0 1 0 
0 0 1 1 0 1 0 1 0 0 1 
n = 11
B = 6
1 0 0 1 1 0 1 0 0 1 0 
0 1 0 0 1 1 0 1 0 0 1 
1 0 1 0 0 1 1 0 1 0 0 
0 1 0 1 0 0 1 1 0 1 0 
0 0 1 0 1 0 0 1 1 0 1 
1 0 0 1 0 1 0 0 1 1 0 
0 1 0 0 1 0 1 0 0 1 1 
1 0 1 0 0 1 0 1 0 0 1 
1 1 0 1 0 0 1 0 1 0 0 
0 1 1 0 1 0 0 1 0 1 0 
0 0 1 1 0 1 0 0 1 0 1 
n = 11
B = 6
1 0 0 1 1 0 0 1 0 1 0 
0 1 0 0 1 1 0 0 1 0 1 
1 0 1 0 0 1 1 0 0 1 0 
0 1 0 1 0 0 1 1 0 0 1 
1 0 1 0 1 0 0 1 1 0 0 
0 1 0 1 0 1 0 0 1 1 0 
0 0 1 0 1 0 1 0 0 1 1 
1 0 0 1 0 1 0 1 0 0 1 
1 1 0 0 1 0 1 0 1 0 0 
0 1 1 0 0 1 0 1 0 1 0 
0 0 1 1 0 0 1 0 1 0 1 
n = 11
B = 6
1 0 0 1 1 0 0 0 1 1 0 
0 1 0 0 1 1 0 0 0 1 1 
1 0 1 0 0 1 1 0 0 0 1 
1 1 0 1 0 0 1 1 0 0 0 
0 1 1 0 1 0 0 1 1 0 0 
0 0 1 1 0 1 0 0 1 1 0 
0 0 0 1 1 0 1 0 0 1 1 
1 0 0 0 1 1 0 1 0 0 1 
1 1 0 0 0 1 1 0 1 0 0 
0 1 1 0 0 0 1 1 0 1 0 
0 0 1 1 0 0 0 1 1 0 1 
n = 11
B = 6
1 0 0 1 0 1 1 1 0 0 0 
0 1 0 0 1 0 1 1 1 0 0 
0 0 1 0 0 1 0 1 1 1 0 
0 0 0 1 0 0 1 0 1 1 1 
1 0 0 0 1 0 0 1 0 1 1 
1 1 0 0 0 1 0 0 1 0 1 
1 1 1 0 0 0 1 0 0 1 0 
0 1 1 1 0 0 0 1 0 0 1 
1 0 1 1 1 0 0 0 1 0 0 
0 1 0 1 1 1 0 0 0 1 0 
0 0 1 0 1 1 1 0 0 0 1 
n = 11
B = 6
1 0 0 1 0 1 1 0 0 1 0 
0 1 0 0 1 0 1 1 0 0 1 
1 0 1 0 0 1 0 1 1 0 0 
0 1 0 1 0 0 1 0 1 1 0 
0 0 1 0 1 0 0 1 0 1 1 
1 0 0 1 0 1 0 0 1 0 1 
1 1 0 0 1 0 1 0 0 1 0 
0 1 1 0 0 1 0 1 0 0 1 
1 0 1 1 0 0 1 0 1 0 0 
0 1 0 1 1 0 0 1 0 1 0 
0 0 1 0 1 1 0 0 1 0 1 
n = 11
B = 6
1 0 0 1 0 1 0 1 1 0 0 
0 1 0 0 1 0 1 0 1 1 0 
0 0 1 0 0 1 0 1 0 1 1 
1 0 0 1 0 0 1 0 1 0 1 
1 1 0 0 1 0 0 1 0 1 0 
0 1 1 0 0 1 0 0 1 0 1 
1 0 1 1 0 0 1 0 0 1 0 
0 1 0 1 1 0 0 1 0 0 1 
1 0 1 0 1 1 0 0 1 0 0 
0 1 0 1 0 1 1 0 0 1 0 
0 0 1 0 1 0 1 1 0 0 1 
n = 11
B = 6
1 0 0 1 0 1 0 0 1 1 0 
0 1 0 0 1 0 1 0 0 1 1 
1 0 1 0 0 1 0 1 0 0 1 
1 1 0 1 0 0 1 0 1 0 0 
0 1 1 0 1 0 0 1 0 1 0 
0 0 1 1 0 1 0 0 1 0 1 
1 0 0 1 1 0 1 0 0 1 0 
0 1 0 0 1 1 0 1 0 0 1 
1 0 1 0 0 1 1 0 1 0 0 
0 1 0 1 0 0 1 1 0 1 0 
0 0 1 0 1 0 0 1 1 0 1 
n = 11
B = 6
1 0 0 1 0 0 1 1 1 0 0 
0 1 0 0 1 0 0 1 1 1 0 
0 0 1 0 0 1 0 0 1 1 1 
1 0 0 1 0 0 1 0 0 1 1 
1 1 0 0 1 0 0 1 0 0 1 
1 1 1 0 0 1 0 0 1 0 0 
0 1 1 1 0 0 1 0 0 1 0 
0 0 1 1 1 0 0 1 0 0 1 
1 0 0 1 1 1 0 0 1 0 0 
0 1 0 0 1 1 1 0 0 1 0 
0 0 1 0 0 1 1 1 0 0 1 
n = 11
B = 6
1 0 0 1 0 0 1 1 0 1 0 
0 1 0 0 1 0 0 1 1 0 1 
1 0 1 0 0 1 0 0 1 1 0 
0 1 0 1 0 0 1 0 0 1 1 
1 0 1 0 1 0 0 1 0 0 1 
1 1 0 1 0 1 0 0 1 0 0 
0 1 1 0 1 0 1 0 0 1 0 
0 0 1 1 0 1 0 1 0 0 1 
1 0 0 1 1 0 1 0 1 0 0 
0 1 0 0 1 1 0 1 0 1 0 
0 0 1 0 0 1 1 0 1 0 1 
n = 11
B = 6
1 0 0 1 0 0 0 1 1 1 0 
0 1 0 0 1 0 0 0 1 1 1 
1 0 1 0 0 1 0 0 0 1 1 
1 1 0 1 0 0 1 0 0 0 1 
1 1 1 0 1 0 0 1 0 0 0 
0 1 1 1 0 1 0 0 1 0 0 
0 0 1 1 1 0 1 0 0 1 0 
0 0 0 1 1 1 0 1 0 0 1 
1 0 0 0 1 1 1 0 1 0 0 
0 1 0 0 0 1 1 1 0 1 0 
0 0 1 0 0 0 1 1 1 0 1 
n = 11
B = 6
1 0 0 0 1 1 1 1 0 0 0 
0 1 0 0 0 1 1 1 1 0 0 
0 0 1 0 0 0 1 1 1 1 0 
0 0 0 1 0 0 0 1 1 1 1 
1 0 0 0 1 0 0 0 1 1 1 
1 1 0 0 0 1 0 0 0 1 1 
1 1 1 0 0 0 1 0 0 0 1 
1 1 1 1 0 0 0 1 0 0 0 
0 1 1 1 1 0 0 0 1 0 0 
0 0 1 1 1 1 0 0 0 1 0 
0 0 0 1 1 1 1 0 0 0 1 
n = 11
B = 6
1 0 0 0 1 1 1 0 1 0 0 
0 1 0 0 0 1 1 1 0 1 0 
0 0 1 0 0 0 1 1 1 0 1 
1 0 0 1 0 0 0 1 1 1 0 
0 1 0 0 1 0 0 0 1 1 1 
1 0 1 0 0 1 0 0 0 1 1 
1 1 0 1 0 0 1 0 0 0 1 
1 1 1 0 1 0 0 1 0 0 0 
0 1 1 1 0 1 0 0 1 0 0 
0 0 1 1 1 0 1 0 0 1 0 
0 0 0 1 1 1 0 1 0 0 1 
n = 11
B = 6
1 0 0 0 1 1 1 0 0 1 0 
0 1 0 0 0 1 1 1 0 0 1 
1 0 1 0 0 0 1 1 1 0 0 
0 1 0 1 0 0 0 1 1 1 0 
0 0 1 0 1 0 0 0 1 1 1 
1 0 0 1 0 1 0 0 0 1 1 
1 1 0 0 1 0 1 0 0 0 1 
1 1 1 0 0 1 0 1 0 0 0 
0 1 1 1 0 0 1 0 1 0 0 
0 0 1 1 1 0 0 1 0 1 0 
0 0 0 1 1 1 0 0 1 0 1 
n = 11
B = 6
1 0 0 0 1 1 0 1 1 0 0 
0 1 0 0 0 1 1 0 1 1 0 
0 0 1 0 0 0 1 1 0 1 1 
1 0 0 1 0 0 0 1 1 0 1 
1 1 0 0 1 0 0 0 1 1 0 
0 1 1 0 0 1 0 0 0 1 1 
1 0 1 1 0 0 1 0 0 0 1 
1 1 0 1 1 0 0 1 0 0 0 
0 1 1 0 1 1 0 0 1 0 0 
0 0 1 1 0 1 1 0 0 1 0 
0 0 0 1 1 0 1 1 0 0 1 
n = 11
B = 6
1 0 0 0 1 1 0 1 0 1 0 
0 1 0 0 0 1 1 0 1 0 1 
1 0 1 0 0 0 1 1 0 1 0 
0 1 0 1 0 0 0 1 1 0 1 
1 0 1 0 1 0 0 0 1 1 0 
0 1 0 1 0 1 0 0 0 1 1 
1 0 1 0 1 0 1 0 0 0 1 
1 1 0 1 0 1 0 1 0 0 0 
0 1 1 0 1 0 1 0 1 0 0 
0 0 1 1 0 1 0 1 0 1 0 
0 0 0 1 1 0 1 0 1 0 1 
n = 11
B = 6
1 0 0 0 1 1 0 0 1 1 0 
0 1 0 0 0 1 1 0 0 1 1 
1 0 1 0 0 0 1 1 0 0 1 
1 1 0 1 0 0 0 1 1 0 0 
0 1 1 0 1 0 0 0 1 1 0 
0 0 1 1 0 1 0 0 0 1 1 
1 0 0 1 1 0 1 0 0 0 1 
1 1 0 0 1 1 0 1 0 0 0 
0 1 1 0 0 1 1 0 1 0 0 
0 0 1 1 0 0 1 1 0 1 0 
0 0 0 1 1 0 0 1 1 0 1 
n = 11
B = 6
1 0 0 0 1 0 1 1 1 0 0 
0 1 0 0 0 1 0 1 1 1 0 
0 0 1 0 0 0 1 0 1 1 1 
1 0 0 1 0 0 0 1 0 1 1 
1 1 0 0 1 0 0 0 1 0 1 
1 1 1 0 0 1 0 0 0 1 0 
0 1 1 1 0 0 1 0 0 0 1 
1 0 1 1 1 0 0 1 0 0 0 
0 1 0 1 1 1 0 0 1 0 0 
0 0 1 0 1 1 1 0 0 1 0 
0 0 0 1 0 1 1 1 0 0 1 
n = 11
B = 6
1 0 0 0 1 0 1 1 0 1 0 
0 1 0 0 0 1 0 1 1 0 1 
1 0 1 0 0 0 1 0 1 1 0 
0 1 0 1 0 0 0 1 0 1 1 
1 0 1 0 1 0 0 0 1 0 1 
1 1 0 1 0 1 0 0 0 1 0 
0 1 1 0 1 0 1 0 0 0 1 
1 0 1 1 0 1 0 1 0 0 0 
0 1 0 1 1 0 1 0 1 0 0 
0 0 1 0 1 1 0 1 0 1 0 
0 0 0 1 0 1 1 0 1 0 1 
n = 11
B = 6
1 0 0 0 1 0 1 0 1 1 0 
0 1 0 0 0 1 0 1 0 1 1 
1 0 1 0 0 0 1 0 1 0 1 
1 1 0 1 0 0 0 1 0 1 0 
0 1 1 0 1 0 0 0 1 0 1 
1 0 1 1 0 1 0 0 0 1 0 
0 1 0 1 1 0 1 0 0 0 1 
1 0 1 0 1 1 0 1 0 0 0 
0 1 0 1 0 1 1 0 1 0 0 
0 0 1 0 1 0 1 1 0 1 0 
0 0 0 1 0 1 0 1 1 0 1 
n = 11
B = 6
1 0 0 0 1 0 0 1 1 1 0 
0 1 0 0 0 1 0 0 1 1 1 
1 0 1 0 0 0 1 0 0 1 1 
1 1 0 1 0 0 0 1 0 0 1 
1 1 1 0 1 0 0 0 1 0 0 
0 1 1 1 0 1 0 0 0 1 0 
0 0 1 1 1 0 1 0 0 0 1 
1 0 0 1 1 1 0 1 0 0 0 
0 1 0 0 1 1 1 0 1 0 0 
0 0 1 0 0 1 1 1 0 1 0 
0 0 0 1 0 0 1 1 1 0 1 
n = 11
B = 6
1 0 0 0 0 1 1 1 1 0 0 
0 1 0 0 0 0 1 1 1 1 0 
0 0 1 0 0 0 0 1 1 1 1 
1 0 0 1 0 0 0 0 1 1 1 
1 1 0 0 1 0 0 0 0 1 1 
1 1 1 0 0 1 0 0 0 0 1 
1 1 1 1 0 0 1 0 0 0 0 
0 1 1 1 1 0 0 1 0 0 0 
0 0 1 1 1 1 0 0 1 0 0 
0 0 0 1 1 1 1 0 0 1 0 
0 0 0 0 1 1 1 1 0 0 1 
n = 11
B = 6
1 0 0 0 0 1 1 1 0 1 0 
0 1 0 0 0 0 1 1 1 0 1 
1 0 1 0 0 0 0 1 1 1 0 
0 1 0 1 0 0 0 0 1 1 1 
1 0 1 0 1 0 0 0 0 1 1 
1 1 0 1 0 1 0 0 0 0 1 
1 1 1 0 1 0 1 0 0 0 0 
0 1 1 1 0 1 0 1 0 0 0 
0 0 1 1 1 0 1 0 1 0 0 
0 0 0 1 1 1 0 1 0 1 0 
0 0 0 0 1 1 1 0 1 0 1 
n = 11
B = 6
1 0 0 0 0 1 1 0 1 1 0 
0 1 0 0 0 0 1 1 0 1 1 
1 0 1 0 0 0 0 1 1 0 1 
1 1 0 1 0 0 0 0 1 1 0 
0 1 1 0 1 0 0 0 0 1 1 
1 0 1 1 0 1 0 0 0 0 1 
1 1 0 1 1 0 1 0 0 0 0 
0 1 1 0 1 1 0 1 0 0 0 
0 0 1 1 0 1 1 0 1 0 0 
0 0 0 1 1 0 1 1 0 1 0 
0 0 0 0 1 1 0 1 1 0 1 
n = 11
B = 6
1 0 0 0 0 1 0 1 1 1 0 
0 1 0 0 0 0 1 0 1 1 1 
1 0 1 0 0 0 0 1 0 1 1 
1 1 0 1 0 0 0 0 1 0 1 
1 1 1 0 1 0 0 0 0 1 0 
0 1 1 1 0 1 0 0 0 0 1 
1 0 1 1 1 0 1 0 0 0 0 
0 1 0 1 1 1 0 1 0 0 0 
0 0 1 0 1 1 1 0 1 0 0 
0 0 0 1 0 1 1 1 0 1 0 
0 0 0 0 1 0 1 1 1 0 1 
n = 11
B = 6
1 0 0 0 0 0 1 1 1 1 0 
0 1 0 0 0 0 0 1 1 1 1 
1 0 1 0 0 0 0 0 1 1 1 
1 1 0 1 0 0 0 0 0 1 1 
1 1 1 0 1 0 0 0 0 0 1 
1 1 1 1 0 1 0 0 0 0 0 
0 1 1 1 1 0 1 0 0 0 0 
0 0 1 1 1 1 0 1 0 0 0 
0 0 0 1 1 1 1 0 1 0 0 
0 0 0 0 1 1 1 1 0 1 0 
0 0 0 0 0 1 1 1 1 0 1 
